 Ag Density=10.49 Thickness=1. microns
 Photon energy (eV), Transmission
    10.000      8.49305E-22
    19.900      0.00000    
    29.800      0.00000    
    39.700      0.00000    
    49.600      0.00000    
    59.500      0.00000    
    69.400      0.00000    
    79.300      2.21405E-43
    89.200      2.47881E-35
    99.100      4.79409E-22
    109.00      6.54067E-10
    118.90      6.44987E-05
    128.80      2.19966E-03
    138.70      8.19389E-03
    148.60      8.92221E-03
    158.50      5.09853E-03
    168.40      1.48936E-03
    178.30      6.11045E-04
    188.20      4.10780E-04
    198.10      3.62113E-04
    208.00      3.62859E-04
    217.90      3.63560E-04
    227.80      3.64228E-04
    237.70      3.72701E-04
    247.60      4.33176E-04
    257.50      5.06547E-04
    267.40      6.08000E-04
    277.30      7.27932E-04
    287.20      9.79439E-04
    297.10      1.29009E-03
    307.00      1.69849E-03
    316.90      2.36281E-03
    326.80      3.11647E-03
    336.70      4.34002E-03
    346.60      4.80650E-03
    356.50      4.59426E-03
    366.40      3.53031E-03
    376.30      2.12488E-03
    386.20      5.50644E-04
    396.10      3.96053E-05
    406.00      1.88039E-06
    415.90      1.25209E-07
    425.80      1.61444E-08
    435.70      4.72303E-09
    445.60      2.51758E-09
    455.50      1.61015E-09
    465.40      1.11017E-09
    475.30      8.54802E-10
    485.20      7.40709E-10
    495.10      8.49075E-10
    505.00      9.90487E-10
    514.90      1.15067E-09
    524.80      1.35984E-09
    534.70      1.65526E-09
    544.60      2.01207E-09
    554.50      2.43281E-09
    564.40      2.92655E-09
    574.30      3.73485E-09
    584.20      5.38267E-09
    594.10      7.99659E-09
    604.00      1.17079E-08
    613.90      1.69064E-08
    623.80      2.41307E-08
    633.70      3.40634E-08
    643.60      4.75310E-08
    653.50      6.55725E-08
    663.40      8.94843E-08
    673.30      1.20863E-07
    683.20      1.61647E-07
    693.10      2.14170E-07
    703.00      2.81247E-07
    712.90      3.66165E-07
    722.80      4.72883E-07
    732.70      6.68883E-07
    742.60      9.66192E-07
    752.50      1.36537E-06
    762.40      1.86692E-06
    772.30      2.46048E-06
    782.20      3.21305E-06
    792.10      4.29123E-06
    802.00      5.87311E-06
    811.90      8.19129E-06
    821.80      1.12602E-05
    831.70      1.45568E-05
    841.60      1.83043E-05
    851.50      2.28489E-05
    861.40      2.83230E-05
    871.30      3.66642E-05
    881.20      4.86277E-05
    891.10      6.43997E-05
    901.00      8.43605E-05
    910.90      1.08512E-04
    920.80      1.35829E-04
    930.70      1.66161E-04
    940.60      2.01402E-04
    950.50      2.43000E-04
    960.40      2.92368E-04
    970.30      3.49983E-04
    980.20      4.16486E-04
    990.10      4.93063E-04
    1000.0      5.80753E-04
