 Ag Density=10.49 Thickness=0.1 microns
 Photon energy (eV), Transmission
    10.000      7.81459E-03
    19.900      3.08243E-06
    29.800      6.07813E-07
    39.700      8.80184E-07
    49.600      2.11417E-06
    59.500      4.87077E-06
    69.400      1.20535E-05
    79.300      5.42517E-05
    89.200      3.46277E-04
    99.100      7.38024E-03
    109.00      0.12066    
    118.90      0.38103    
    128.80      0.54230    
    138.70      0.61851    
    148.60      0.62380    
    158.50      0.58985    
    168.40      0.52155    
    178.30      0.47710    
    188.20      0.45852    
    198.10      0.45278    
    208.00      0.45287    
    217.90      0.45296    
    227.80      0.45304    
    237.70      0.45408    
    247.60      0.46096    
    257.50      0.46823    
    267.40      0.47686    
    277.30      0.48552    
    287.20      0.50015    
    297.10      0.51412    
    307.00      0.52845    
    316.90      0.54619    
    326.80      0.56152    
    336.70      0.58043    
    346.60      0.58639    
    356.50      0.58374    
    366.40      0.56857    
    376.30      0.54042    
    386.20      0.47216    
    396.10      0.36289    
    406.00      0.26756    
    415.90      0.20406    
    425.80      0.16627    
    435.70      0.14704    
    445.60      0.13807    
    455.50      0.13203    
    465.40      0.12722    
    475.30      0.12393    
    485.20      0.12217    
    495.10      0.12385    
    505.00      0.12577    
    514.90      0.12767    
    524.80      0.12982    
    534.70      0.13240    
    544.60      0.13501    
    554.50      0.13760    
    564.40      0.14016    
    574.30      0.14362    
    584.20      0.14897    
    594.10      0.15499    
    604.00      0.16101    
    613.90      0.16703    
    623.80      0.17308    
    633.70      0.17915    
    643.60      0.18522    
    653.50      0.19128    
    663.40      0.19732    
    673.30      0.20334    
    683.20      0.20934    
    693.10      0.21532    
    703.00      0.22126    
    712.90      0.22718    
    722.80      0.23306    
    732.70      0.24129    
    742.60      0.25033    
    752.50      0.25913    
    762.40      0.26737    
    772.30      0.27485    
    782.20      0.28229    
    792.10      0.29057    
    802.00      0.29984    
    811.90      0.30998    
    821.80      0.32000    
    831.70      0.32833    
    841.60      0.33594    
    851.50      0.34347    
    861.40      0.35092    
    871.30      0.36010    
    881.20      0.37041    
    891.10      0.38097    
    901.00      0.39139    
    910.90      0.40137    
    920.80      0.41049    
    930.70      0.41884    
    940.60      0.42698    
    950.50      0.43507    
    960.40      0.44319    
    970.30      0.45124    
    980.20      0.45916    
    990.10      0.46697    
    1000.0      0.47468    
