 Al2O3 Density=3.96 Thickness=1. microns
 Photon energy (eV), Transmission
    10.000      0.00000    
    19.900      7.98039E-42
    29.800      8.72700E-35
    39.700      3.86826E-27
    49.600      2.98439E-20
    59.500      6.74259E-15
    69.400      1.14209E-11
    79.300      2.36667E-16
    89.200      1.28464E-16
    99.100      4.38860E-16
    109.00      1.62965E-15
    118.90      4.23018E-15
    128.80      2.21243E-14
    138.70      3.12009E-13
    148.60      2.85139E-12
    158.50      2.45893E-11
    168.40      1.66329E-10
    178.30      9.16185E-10
    188.20      9.64065E-09
    198.10      7.79568E-08
    208.00      4.61952E-07
    217.90      2.11070E-06
    227.80      7.32599E-06
    237.70      1.99252E-05
    247.60      4.70567E-05
    257.50      1.00355E-04
    267.40      1.98955E-04
    277.30      4.14604E-04
    287.20      8.00635E-04
    297.10      1.43451E-03
    307.00      2.40957E-03
    316.90      3.82830E-03
    326.80      5.79622E-03
    336.70      8.41520E-03
    346.60      1.17778E-02
    356.50      1.59626E-02
    366.40      2.06970E-02
    376.30      2.60747E-02
    386.20      3.22262E-02
    396.10      3.91652E-02
    406.00      4.68723E-02
    415.90      5.53205E-02
    425.80      6.44740E-02
    435.70      7.43863E-02
    445.60      8.55381E-02
    455.50      9.74849E-02
    465.40      0.11004    
    475.30      0.12315    
    485.20      0.13673    
    495.10      0.15077    
    505.00      0.16532    
    514.90      0.18034    
    524.80      0.19562    
    534.70      0.21101    
    544.60      5.31745E-03
    554.50      6.68759E-03
    564.40      8.30264E-03
    574.30      1.01695E-02
    584.20      1.22939E-02
    594.10      1.46957E-02
    604.00      1.73895E-02
    613.90      2.03875E-02
    623.80      2.37013E-02
    633.70      2.73906E-02
    643.60      3.15362E-02
    653.50      3.61615E-02
    663.40      4.12149E-02
    673.30      4.65020E-02
    683.20      5.18147E-02
    693.10      5.71943E-02
    703.00      6.28003E-02
    712.90      6.89689E-02
    722.80      7.56299E-02
    732.70      8.25870E-02
    742.60      8.98130E-02
    752.50      9.72970E-02
    762.40      0.10503    
    772.30      0.11302    
    782.20      0.12136    
    792.10      0.13000    
    802.00      0.13887    
    811.90      0.14792    
    821.80      0.15713    
    831.70      0.16648    
    841.60      0.17591    
    851.50      0.18535    
    861.40      0.19473    
    871.30      0.20409    
    881.20      0.21345    
    891.10      0.22286    
    901.00      0.23229    
    910.90      0.24173    
    920.80      0.25119    
    930.70      0.26093    
    940.60      0.27075    
    950.50      0.28062    
    960.40      0.29051    
    970.30      0.30039    
    980.20      0.31022    
    990.10      0.31999    
    1000.0      0.32969    
