 Al Density=2.7 Thickness=2.5 microns
 Photon energy (eV), Transmission
    10.000      0.00000    
    19.900      2.27944E-03
    29.800      2.26827E-03
    39.700      2.92088E-03
    49.600      7.72878E-03
    59.500      2.88518E-02
    69.400      2.42281E-02
    79.300      2.14504E-24
    89.200      3.47857E-30
    99.100      3.90149E-32
    109.00      1.12294E-33
    118.90      7.14121E-35
    128.80      1.68595E-34
    138.70      2.68946E-32
    148.60      2.24477E-30
    158.50      2.57477E-28
    168.40      1.98968E-26
    178.30      1.07295E-24
    188.20      4.47228E-22
    198.10      9.27589E-20
    208.00      9.02876E-18
    217.90      4.61415E-16
    227.80      1.13477E-14
    237.70      1.44548E-13
    247.60      1.37280E-12
    257.50      1.01564E-11
    267.40      6.27206E-11
    277.30      4.75740E-10
    287.20      2.92490E-09
    297.10      1.46122E-08
    307.00      6.10879E-08
    316.90      2.19023E-07
    326.80      6.87479E-07
    336.70      1.92206E-06
    346.60      4.85669E-06
    356.50      1.12305E-05
    366.40      2.28125E-05
    376.30      4.27301E-05
    386.20      7.60016E-05
    396.10      1.29058E-04
    406.00      2.10236E-04
    415.90      3.29908E-04
    425.80      5.00505E-04
    435.70      7.39460E-04
    445.60      1.08679E-03
    455.50      1.55965E-03
    465.40      2.18014E-03
    475.30      2.97574E-03
    485.20      3.97449E-03
    495.10      5.20895E-03
    505.00      6.72561E-03
    514.90      8.56389E-03
    524.80      1.07352E-02
    534.70      1.32497E-02
    544.60      1.61280E-02
    554.50      1.94086E-02
    564.40      2.31679E-02
    574.30      2.74136E-02
    584.20      3.21493E-02
    594.10      3.73569E-02
    604.00      4.30287E-02
    613.90      4.91554E-02
    623.80      5.57349E-02
    633.70      6.28362E-02
    643.60      7.05531E-02
    653.50      7.88865E-02
    663.40      8.77263E-02
    673.30      9.67444E-02
    683.20      0.10561    
    693.10      0.11441    
    703.00      0.12338    
    712.90      0.13298    
    722.80      0.14308    
    732.70      0.15342    
    742.60      0.16395    
    752.50      0.17465    
    762.40      0.18550    
    772.30      0.19649    
    782.20      0.20765    
    792.10      0.21893    
    802.00      0.23029    
    811.90      0.24169    
    821.80      0.25312    
    831.70      0.26455    
    841.60      0.27597    
    851.50      0.28736    
    861.40      0.29872    
    871.30      0.31004    
    881.20      0.32130    
    891.10      0.33247    
    901.00      0.34356    
    910.90      0.35454    
    920.80      0.36542    
    930.70      0.37621    
    940.60      0.38689    
    950.50      0.39744    
    960.40      0.40786    
    970.30      0.41814    
    980.20      0.42829    
    990.10      0.43827    
    1000.0      0.44810    
