 Au Density=19.32 Thickness=1. microns
 Photon energy (eV), Transmission
    10.000      7.48751E-32
    19.900      0.00000    
    29.800      0.00000    
    39.700      0.00000    
    49.600      0.00000    
    59.500      2.80260E-45
    69.400      1.15308E-35
    79.300      2.22760E-29
    89.200      6.08162E-24
    99.100      1.14662E-16
    109.00      3.04682E-12
    118.90      1.00302E-09
    128.80      6.21227E-08
    138.70      1.35234E-06
    148.60      4.13302E-06
    158.50      5.13876E-06
    168.40      2.36342E-06
    178.30      4.39183E-07
    188.20      5.79751E-08
    198.10      6.43612E-09
    208.00      7.21464E-10
    217.90      1.03134E-10
    227.80      2.33010E-11
    237.70      6.18143E-12
    247.60      2.06352E-12
    257.50      8.34508E-13
    267.40      3.94138E-13
    277.30      2.16530E-13
    287.20      1.74668E-13
    297.10      1.41708E-13
    307.00      1.15602E-13
    316.90      1.06683E-13
    326.80      1.06684E-13
    336.70      1.06678E-13
    346.60      1.06687E-13
    356.50      1.22821E-13
    366.40      1.68267E-13
    376.30      2.27875E-13
    386.20      3.05231E-13
    396.10      4.04739E-13
    406.00      5.72396E-13
    415.90      8.98727E-13
    425.80      1.39591E-12
    435.70      2.13188E-12
    445.60      3.20460E-12
    455.50      4.88746E-12
    465.40      7.68940E-12
    475.30      1.18908E-11
    485.20      1.80942E-11
    495.10      2.71141E-11
    505.00      4.00501E-11
    514.90      5.86616E-11
    524.80      8.53473E-11
    534.70      1.22710E-10
    544.60      1.74287E-10
    554.50      2.44695E-10
    564.40      3.40169E-10
    574.30      4.71701E-10
    584.20      6.52410E-10
    594.10      8.93173E-10
    604.00      1.21096E-09
    613.90      1.62662E-09
    623.80      2.16568E-09
    633.70      2.85905E-09
    643.60      3.74405E-09
    653.50      5.00994E-09
    663.40      6.96633E-09
    673.30      9.81657E-09
    683.20      1.36795E-08
    693.10      1.88621E-08
    703.00      2.57444E-08
    712.90      3.48003E-08
    722.80      4.66080E-08
    732.70      6.16016E-08
    742.60      8.06238E-08
    752.50      1.04687E-07
    762.40      1.34912E-07
    772.30      1.72622E-07
    782.20      2.19347E-07
    792.10      2.76898E-07
    802.00      3.50906E-07
    811.90      4.50190E-07
    821.80      5.73484E-07
    831.70      7.25555E-07
    841.60      9.11930E-07
    851.50      1.13896E-06
    861.40      1.41394E-06
    871.30      1.74701E-06
    881.20      2.16718E-06
    891.10      2.77103E-06
    901.00      3.51747E-06
    910.90      4.43391E-06
    920.80      5.55178E-06
    930.70      6.90684E-06
    940.60      8.53967E-06
    950.50      1.04958E-05
    960.40      1.29448E-05
    970.30      1.59333E-05
    980.20      1.95861E-05
    990.10      2.39354E-05
    1000.0      2.90858E-05
