 Au Density=19.32 Thickness=5.00000E-02 microns
 Photon energy (eV), Transmission
    10.000      2.77790E-02
    19.900      2.27150E-04
    29.800      2.51318E-04
    39.700      1.56709E-03
    49.600      5.21474E-03
    59.500      5.86702E-03
    69.400      1.79099E-02
    79.300      3.69310E-02
    89.200      6.90559E-02
    99.100      0.15958    
    109.00      0.26558    
    118.90      0.35487    
    128.80      0.43618    
    138.70      0.50881    
    148.60      0.53804    
    158.50      0.54393    
    168.40      0.52321    
    178.30      0.48099    
    188.20      0.43467    
    198.10      0.38943    
    208.00      0.34907    
    217.90      0.31672    
    227.80      0.29401    
    237.70      0.27514    
    247.60      0.26045    
    257.50      0.24893    
    267.40      0.23976    
    277.30      0.23269    
    287.20      0.23020    
    297.10      0.22781    
    307.00      0.22550    
    316.90      0.22460    
    326.80      0.22460    
    336.70      0.22460    
    346.60      0.22460    
    356.50      0.22618    
    366.40      0.22977    
    376.30      0.23328    
    386.20      0.23672    
    396.10      0.24008    
    406.00      0.24428    
    415.90      0.24985    
    425.80      0.25541    
    435.70      0.26088    
    445.60      0.26625    
    455.50      0.27193    
    465.40      0.27816    
    475.30      0.28429    
    485.20      0.29032    
    495.10      0.29625    
    505.00      0.30209    
    514.90      0.30791    
    524.80      0.31373    
    534.70      0.31948    
    544.60      0.32513    
    554.50      0.33070    
    564.40      0.33619    
    574.30      0.34173    
    584.20      0.34732    
    594.10      0.35281    
    604.00      0.35823    
    613.90      0.36355    
    623.80      0.36879    
    633.70      0.37395    
    643.60      0.37902    
    653.50      0.38458    
    663.40      0.39098    
    673.30      0.39774    
    683.20      0.40439    
    693.10      0.41094    
    703.00      0.41738    
    712.90      0.42372    
    722.80      0.42996    
    732.70      0.43599    
    742.60      0.44190    
    752.50      0.44771    
    762.40      0.45342    
    772.30      0.45904    
    782.20      0.46458    
    792.10      0.47002    
    802.00      0.47562    
    811.90      0.48158    
    821.80      0.48745    
    831.70      0.49321    
    841.60      0.49888    
    851.50      0.50446    
    861.40      0.50994    
    871.30      0.51536    
    881.20      0.52095    
    891.10      0.52739    
    901.00      0.53372    
    910.90      0.53993    
    920.80      0.54604    
    930.70      0.55203    
    940.60      0.55792    
    950.50      0.56370    
    960.40      0.56965    
    970.30      0.57559    
    980.20      0.58156    
    990.10      0.58742    
    1000.0      0.59318    
