 B Density=2.34 Thickness=1. microns
 Photon energy (eV), Transmission
    10.000      0.00000    
    19.900      1.52607E-22
    29.800      2.55744E-12
    39.700      2.82485E-08
    49.600      5.42480E-06
    59.500      1.46827E-04
    69.400      1.31144E-03
    79.300      6.02599E-03
    89.200      1.79376E-02
    99.100      3.97964E-02
    109.00      7.37437E-02
    118.90      0.11433    
    128.80      0.16334    
    138.70      0.21651    
    148.60      0.27031    
    158.50      0.32719    
    168.40      0.38576    
    178.30      0.43459    
    188.20      1.17446E-09
    198.10      9.69135E-09
    208.00      5.60283E-08
    217.90      2.83715E-07
    227.80      1.23443E-06
    237.70      4.41001E-06
    247.60      1.33687E-05
    257.50      3.53216E-05
    267.40      8.31013E-05
    277.30      1.78310E-04
    287.20      3.60430E-04
    297.10      6.76732E-04
    307.00      1.18679E-03
    316.90      1.96180E-03
    326.80      3.08086E-03
    336.70      4.62615E-03
    346.60      6.68031E-03
    356.50      9.31969E-03
    366.40      1.26139E-02
    376.30      1.66194E-02
    386.20      2.13731E-02
    396.10      2.69218E-02
    406.00      3.35610E-02
    415.90      4.11477E-02
    425.80      4.96130E-02
    435.70      5.89385E-02
    445.60      6.90955E-02
    455.50      8.01474E-02
    465.40      9.21066E-02
    475.30      0.10480    
    485.20      0.11813    
    495.10      0.13201    
    505.00      0.14637    
    514.90      0.16117    
    524.80      0.17639    
    534.70      0.19209    
    544.60      0.20816    
    554.50      0.22428    
    564.40      0.24012    
    574.30      0.25603    
    584.20      0.27219    
    594.10      0.28838    
    604.00      0.30452    
    613.90      0.32053    
    623.80      0.33640    
    633.70      0.35234    
    643.60      0.36858    
    653.50      0.38505    
    663.40      0.40141    
    673.30      0.41706    
    683.20      0.43151    
    693.10      0.44508    
    703.00      0.45824    
    712.90      0.47172    
    722.80      0.48531    
    732.70      0.49861    
    742.60      0.51158    
    752.50      0.52422    
    762.40      0.53654    
    772.30      0.54855    
    782.20      0.56029    
    792.10      0.57175    
    802.00      0.58291    
    811.90      0.59376    
    821.80      0.60431    
    831.70      0.61455    
    841.60      0.62452    
    851.50      0.63424    
    861.40      0.64374    
    871.30      0.65300    
    881.20      0.66201    
    891.10      0.67076    
    901.00      0.67924    
    910.90      0.68746    
    920.80      0.69544    
    930.70      0.70309    
    940.60      0.71049    
    950.50      0.71766    
    960.40      0.72460    
    970.30      0.73132    
    980.20      0.73785    
    990.10      0.74419    
    1000.0      0.75035    
