 Be Density=1.85 Thickness=1. microns
 Photon energy (eV), Transmission
    10.000      0.00000    
    19.900      2.18696E-20
    29.800      1.58312E-04
    39.700      2.15350E-02
    49.600      6.80234E-02
    59.500      0.11657    
    69.400      0.15982    
    79.300      0.19653    
    89.200      0.22795    
    99.100      0.26566    
    109.00      0.28231    
    118.90      1.11885E-15
    128.80      1.63622E-14
    138.70      1.81584E-08
    148.60      3.59151E-08
    158.50      2.83646E-08
    168.40      1.36948E-06
    178.30      1.61293E-05
    188.20      5.00365E-05
    198.10      1.08753E-04
    208.00      2.18003E-04
    217.90      5.28645E-04
    227.80      1.08196E-03
    237.70      2.67544E-03
    247.60      4.46638E-03
    257.50      6.92942E-03
    267.40      1.11341E-02
    277.30      1.68472E-02
    287.20      2.42301E-02
    297.10      3.33804E-02
    307.00      4.43256E-02
    316.90      5.69799E-02
    326.80      7.10664E-02
    336.70      8.66290E-02
    346.60      0.10352    
    356.50      0.12155    
    366.40      0.14057    
    376.30      0.16037    
    386.20      0.18080    
    396.10      0.20244    
    406.00      0.22496    
    415.90      0.24801    
    425.80      0.27112    
    435.70      0.29415    
    445.60      0.31699    
    455.50      0.33953    
    465.40      0.36170    
    475.30      0.38343    
    485.20      0.40466    
    495.10      0.42535    
    505.00      0.44546    
    514.90      0.46498    
    524.80      0.48388    
    534.70      0.50217    
    544.60      0.51983    
    554.50      0.53687    
    564.40      0.55343    
    574.30      0.56964    
    584.20      0.58522    
    594.10      0.60020    
    604.00      0.61459    
    613.90      0.62841    
    623.80      0.64168    
    633.70      0.65441    
    643.60      0.66702    
    653.50      0.67941    
    663.40      0.69127    
    673.30      0.70238    
    683.20      0.71250    
    693.10      0.72182    
    703.00      0.73082    
    712.90      0.73998    
    722.80      0.74878    
    732.70      0.75732    
    742.60      0.76555    
    752.50      0.77343    
    762.40      0.78100    
    772.30      0.78825    
    782.20      0.79520    
    792.10      0.80188    
    802.00      0.80828    
    811.90      0.81443    
    821.80      0.82033    
    831.70      0.82599    
    841.60      0.83144    
    851.50      0.83666    
    861.40      0.84169    
    871.30      0.84652    
    881.20      0.85115    
    891.10      0.85559    
    901.00      0.85986    
    910.90      0.86397    
    920.80      0.86793    
    930.70      0.87174    
    940.60      0.87542    
    950.50      0.87901    
    960.40      0.88246    
    970.30      0.88579    
    980.20      0.88900    
    990.10      0.89209    
    1000.0      0.89507    
