 C Density=2. Thickness=1. microns
 Photon energy (eV), Transmission
    10.000      2.79518E-25
    19.900      0.00000    
    29.800      3.66134E-28
    39.700      3.10149E-15
    49.600      1.75331E-09
    59.500      4.94778E-07
    69.400      2.50615E-05
    79.300      3.41819E-04
    89.200      1.99581E-03
    99.100      6.93303E-03
    109.00      1.72277E-02
    118.90      3.41654E-02
    128.80      5.78983E-02
    138.70      8.91834E-02
    148.60      0.12672    
    158.50      0.16805    
    168.40      0.21149    
    178.30      0.25564    
    188.20      0.30187    
    198.10      0.35340    
    208.00      0.40272    
    217.90      0.44921    
    227.80      0.49070    
    237.70      0.52863    
    247.60      0.56451    
    257.50      0.60573    
    267.40      0.64293    
    277.30      0.67638    
    287.20      4.13485E-05
    297.10      8.59225E-05
    307.00      1.65743E-04
    316.90      2.99640E-04
    326.80      5.11866E-04
    336.70      8.31931E-04
    346.60      1.29409E-03
    356.50      1.93628E-03
    366.40      2.79902E-03
    376.30      3.92957E-03
    386.20      5.50835E-03
    396.10      7.55661E-03
    406.00      1.00973E-02
    415.90      1.31778E-02
    425.80      1.68381E-02
    435.70      2.11094E-02
    445.60      2.60131E-02
    455.50      3.15622E-02
    465.40      3.77590E-02
    475.30      4.45989E-02
    485.20      5.20745E-02
    495.10      6.03192E-02
    505.00      6.91819E-02
    514.90      7.86230E-02
    524.80      8.86057E-02
    534.70      9.90910E-02
    544.60      0.11004    
    554.50      0.12140    
    564.40      0.13313    
    574.30      0.14519    
    584.20      0.15753    
    594.10      0.17012    
    604.00      0.18291    
    613.90      0.19586    
    623.80      0.20893    
    633.70      0.22209    
    643.60      0.23532    
    653.50      0.24856    
    663.40      0.26181    
    673.30      0.27490    
    683.20      0.28765    
    693.10      0.30008    
    703.00      0.31240    
    712.90      0.32559    
    722.80      0.33930    
    732.70      0.35291    
    742.60      0.36637    
    752.50      0.37965    
    762.40      0.39274    
    772.30      0.40564    
    782.20      0.41834    
    792.10      0.43082    
    802.00      0.44308    
    811.90      0.45512    
    821.80      0.46693    
    831.70      0.47851    
    841.60      0.48986    
    851.50      0.50100    
    861.40      0.51193    
    871.30      0.52265    
    881.20      0.53315    
    891.10      0.54341    
    901.00      0.55343    
    910.90      0.56322    
    920.80      0.57278    
    930.70      0.58216    
    940.60      0.59132    
    950.50      0.60027    
    960.40      0.60900    
    970.30      0.61753    
    980.20      0.62585    
    990.10      0.63396    
    1000.0      0.64187    
