 C10H8O4 Density=1.39 Thickness=1. microns
 Photon energy (eV), Transmission
    10.000      4.12953E-15
    19.900      6.43335E-39
    29.800      5.45767E-22
    39.700      7.26370E-14
    49.600      1.84363E-09
    59.500      5.22598E-07
    69.400      2.08613E-05
    79.300      2.39559E-04
    89.200      1.29092E-03
    99.100      4.36705E-03
    109.00      1.20182E-02
    118.90      2.56685E-02
    128.80      4.59547E-02
    138.70      7.28021E-02
    148.60      0.10494    
    158.50      0.14102    
    168.40      0.17967    
    178.30      0.21962    
    188.20      0.26644    
    198.10      0.31821    
    208.00      0.36851    
    217.90      0.41647    
    227.80      0.46084    
    237.70      0.50185    
    247.60      0.53765    
    257.50      0.57366    
    267.40      0.60660    
    277.30      0.63673    
    287.20      9.63534E-03
    297.10      1.35202E-02
    307.00      1.83252E-02
    316.90      2.40997E-02
    326.80      3.08698E-02
    336.70      3.86370E-02
    346.60      4.73830E-02
    356.50      5.70703E-02
    366.40      6.76477E-02
    376.30      7.91022E-02
    386.20      9.23630E-02
    396.10      0.10678    
    406.00      0.12196    
    415.90      0.13780    
    425.80      0.15420    
    435.70      0.17104    
    445.60      0.18823    
    455.50      0.20568    
    465.40      0.22329    
    475.30      0.24100    
    485.20      0.25873    
    495.10      0.27674    
    505.00      0.29466    
    514.90      0.31243    
    524.80      0.33001    
    534.70      0.34734    
    544.60      0.14354    
    554.50      0.15633    
    564.40      0.16938    
    574.30      0.18258    
    584.20      0.19588    
    594.10      0.20927    
    604.00      0.22274    
    613.90      0.23627    
    623.80      0.24983    
    633.70      0.26348    
    643.60      0.27732    
    653.50      0.29130    
    663.40      0.30528    
    673.30      0.31889    
    683.20      0.33184    
    693.10      0.34426    
    703.00      0.35648    
    712.90      0.36934    
    722.80      0.38256    
    732.70      0.39563    
    742.60      0.40848    
    752.50      0.42112    
    762.40      0.43354    
    772.30      0.44577    
    782.20      0.45788    
    792.10      0.46983    
    802.00      0.48158    
    811.90      0.49308    
    821.80      0.50434    
    831.70      0.51534    
    841.60      0.52607    
    851.50      0.53650    
    861.40      0.54660    
    871.30      0.55641    
    881.20      0.56597    
    891.10      0.57530    
    901.00      0.58440    
    910.90      0.59329    
    920.80      0.60196    
    930.70      0.61061    
    940.60      0.61909    
    950.50      0.62741    
    960.40      0.63554    
    970.30      0.64349    
    980.20      0.65123    
    990.10      0.65877    
    1000.0      0.66612    
