 C10H8O4 Density=1.39 Thickness=2. microns
 Photon energy (eV), Transmission
    10.000      1.70530E-29
    19.900      0.00000    
    29.800      2.98477E-43
    39.700      5.27614E-27
    49.600      3.39898E-18
    59.500      2.73109E-13
    69.400      4.35194E-10
    79.300      5.73885E-08
    89.200      1.66647E-06
    99.100      1.90711E-05
    109.00      1.44438E-04
    118.90      6.58870E-04
    128.80      2.11184E-03
    138.70      5.30015E-03
    148.60      1.10118E-02
    158.50      1.98877E-02
    168.40      3.22799E-02
    178.30      4.82324E-02
    188.20      7.09898E-02
    198.10      0.10126    
    208.00      0.13580    
    217.90      0.17344    
    227.80      0.21237    
    237.70      0.25185    
    247.60      0.28906    
    257.50      0.32908    
    267.40      0.36797    
    277.30      0.40542    
    287.20      9.28399E-05
    297.10      1.82795E-04
    307.00      3.35812E-04
    316.90      5.80797E-04
    326.80      9.52943E-04
    336.70      1.49282E-03
    346.60      2.24515E-03
    356.50      3.25702E-03
    366.40      4.57621E-03
    376.30      6.25716E-03
    386.20      8.53092E-03
    396.10      1.14011E-02
    406.00      1.48739E-02
    415.90      1.89892E-02
    425.80      2.37764E-02
    435.70      2.92545E-02
    445.60      3.54310E-02
    455.50      4.23038E-02
    465.40      4.98597E-02
    475.30      5.80800E-02
    485.20      6.69437E-02
    495.10      7.65862E-02
    505.00      8.68273E-02
    514.90      9.76155E-02
    524.80      0.10890    
    534.70      0.12064    
    544.60      2.06039E-02
    554.50      2.44391E-02
    564.40      2.86885E-02
    574.30      3.33364E-02
    584.20      3.83673E-02
    594.10      4.37935E-02
    604.00      4.96139E-02
    613.90      5.58228E-02
    623.80      6.24129E-02
    633.70      6.94238E-02
    643.60      7.69085E-02
    653.50      8.48571E-02
    663.40      9.31931E-02
    673.30      0.10169    
    683.20      0.11012    
    693.10      0.11851    
    703.00      0.12708    
    712.90      0.13642    
    722.80      0.14636    
    732.70      0.15652    
    742.60      0.16685    
    752.50      0.17734    
    762.40      0.18796    
    772.30      0.19871    
    782.20      0.20965    
    792.10      0.22074    
    802.00      0.23192    
    811.90      0.24313    
    821.80      0.25435    
    831.70      0.26558    
    841.60      0.27675    
    851.50      0.28783    
    861.40      0.29877    
    871.30      0.30960    
    881.20      0.32032    
    891.10      0.33097    
    901.00      0.34153    
    910.90      0.35199    
    920.80      0.36236    
    930.70      0.37284    
    940.60      0.38328    
    950.50      0.39364    
    960.40      0.40392    
    970.30      0.41408    
    980.20      0.42410    
    990.10      0.43398    
    1000.0      0.44372    
