 C16H14O3 Density=1.2 Thickness=1. microns
 Photon energy (eV), Transmission
    10.000      1.11358E-13
    19.900      2.04431E-35
    29.800      1.88013E-18
    39.700      5.84891E-11
    49.600      2.86315E-07
    59.500      2.06151E-05
    69.400      3.49089E-04
    79.300      2.26198E-03
    89.200      8.10624E-03
    99.100      2.02119E-02
    109.00      4.17789E-02
    118.90      7.19919E-02
    128.80      0.10932    
    138.70      0.15257    
    148.60      0.19918    
    158.50      0.24695    
    168.40      0.29439    
    178.30      0.34044    
    188.20      0.38994    
    198.10      0.44221    
    208.00      0.49068    
    217.90      0.53516    
    227.80      0.57473    
    237.70      0.61031    
    247.60      0.64153    
    257.50      0.67374    
    267.40      0.70259    
    277.30      0.72846    
    287.20      9.05343E-03
    297.10      1.27464E-02
    307.00      1.73303E-02
    316.90      2.28571E-02
    326.80      2.93564E-02
    336.70      3.68341E-02
    346.60      4.52765E-02
    356.50      5.46504E-02
    366.40      6.49094E-02
    376.30      7.60447E-02
    386.20      8.89942E-02
    396.10      0.10310    
    406.00      0.11800    
    415.90      0.13357    
    425.80      0.14971    
    435.70      0.16632    
    445.60      0.18330    
    455.50      0.20056    
    465.40      0.21800    
    475.30      0.23556    
    485.20      0.25317    
    495.10      0.27108    
    505.00      0.28892    
    514.90      0.30663    
    524.80      0.32416    
    534.70      0.34146    
    544.60      0.22726    
    554.50      0.24263    
    564.40      0.25800    
    574.30      0.27331    
    584.20      0.28849    
    594.10      0.30355    
    604.00      0.31848    
    613.90      0.33325    
    623.80      0.34785    
    633.70      0.36232    
    643.60      0.37673    
    653.50      0.39103    
    663.40      0.40513    
    673.30      0.41877    
    683.20      0.43170    
    693.10      0.44404    
    703.00      0.45608    
    712.90      0.46871    
    722.80      0.48161    
    732.70      0.49425    
    742.60      0.50659    
    752.50      0.51863    
    762.40      0.53038    
    772.30      0.54185    
    782.20      0.55310    
    792.10      0.56410    
    802.00      0.57483    
    811.90      0.58528    
    821.80      0.59544    
    831.70      0.60532    
    841.60      0.61492    
    851.50      0.62423    
    861.40      0.63324    
    871.30      0.64198    
    881.20      0.65046    
    891.10      0.65870    
    901.00      0.66671    
    910.90      0.67450    
    920.80      0.68206    
    930.70      0.68953    
    940.60      0.69682    
    950.50      0.70393    
    960.40      0.71085    
    970.30      0.71758    
    980.20      0.72413    
    990.10      0.73048    
    1000.0      0.73666    
