 C22N2O4H12 Density=1.42 Thickness=1. microns
 Photon energy (eV), Transmission
    10.000      3.60770E-16
    19.900      1.04570E-40
    29.800      4.70863E-22
    39.700      4.10480E-13
    49.600      1.10946E-08
    59.500      1.89971E-06
    69.400      5.87127E-05
    79.300      5.74440E-04
    89.200      2.74765E-03
    99.100      8.43764E-03
    109.00      2.04903E-02
    118.90      3.98597E-02
    128.80      6.64443E-02
    138.70      9.99529E-02
    148.60      0.13857    
    158.50      0.18033    
    168.40      0.22402    
    178.30      0.26818    
    188.20      0.31654    
    198.10      0.36858    
    208.00      0.41808    
    217.90      0.46451    
    227.80      0.50671    
    237.70      0.54531    
    247.60      0.57975    
    257.50      0.61533    
    267.40      0.64755    
    277.30      0.67671    
    287.20      4.91228E-03
    297.10      7.23318E-03
    307.00      1.02380E-02
    316.90      1.40050E-02
    326.80      1.85944E-02
    336.70      2.40421E-02
    346.60      3.03689E-02
    356.50      3.75769E-02
    366.40      4.56520E-02
    376.30      5.46060E-02
    386.20      6.52282E-02
    396.10      7.70299E-02
    406.00      8.97151E-02
    415.90      7.57653E-02
    425.80      8.75904E-02
    435.70      0.10013    
    445.60      0.11332    
    455.50      0.12707    
    465.40      0.14131    
    475.30      0.15597    
    485.20      0.17098    
    495.10      0.18651    
    505.00      0.20228    
    514.90      0.21819    
    524.80      0.23421    
    534.70      0.25026    
    544.60      0.16208    
    554.50      0.17554    
    564.40      0.18924    
    574.30      0.20313    
    584.20      0.21711    
    594.10      0.23116    
    604.00      0.24524    
    613.90      0.25932    
    623.80      0.27339    
    633.70      0.28745    
    643.60      0.30156    
    653.50      0.31568    
    663.40      0.32972    
    673.30      0.34341    
    683.20      0.35653    
    693.10      0.36918    
    703.00      0.38160    
    712.90      0.39462    
    722.80      0.40795    
    732.70      0.42109    
    742.60      0.43399    
    752.50      0.44665    
    762.40      0.45906    
    772.30      0.47125    
    782.20      0.48328    
    792.10      0.49511    
    802.00      0.50669    
    811.90      0.51802    
    821.80      0.52908    
    831.70      0.53988    
    841.60      0.55041    
    851.50      0.56065    
    861.40      0.57060    
    871.30      0.58028    
    881.20      0.58971    
    891.10      0.59889    
    901.00      0.60785    
    910.90      0.61657    
    920.80      0.62508    
    930.70      0.63348    
    940.60      0.64171    
    950.50      0.64975    
    960.40      0.65759    
    970.30      0.66524    
    980.20      0.67269    
    990.10      0.67994    
    1000.0      0.68700    
