 C2F4 Density=2.2 Thickness=4. microns
 Photon energy (eV), Transmission
    10.000      5.37568E-30
    19.900      0.00000    
    29.800      0.00000    
    39.700      0.00000    
    49.600      0.00000    
    59.500      0.00000    
    69.400      0.00000    
    79.300      2.27010E-43
    89.200      3.46824E-35
    99.100      7.93823E-29
    109.00      8.95662E-24
    118.90      6.09482E-20
    128.80      5.58089E-17
    138.70      1.55956E-14
    148.60      1.42891E-12
    158.50      5.47580E-11
    168.40      1.14671E-09
    178.30      1.42584E-08
    188.20      1.17531E-07
    198.10      7.24662E-07
    208.00      3.39609E-06
    217.90      1.28285E-05
    227.80      4.00450E-05
    237.70      1.06876E-04
    247.60      2.53148E-04
    257.50      5.46450E-04
    267.40      1.07004E-03
    277.30      1.93707E-03
    287.20      1.10136E-07
    297.10      3.65212E-07
    307.00      1.08364E-06
    316.90      2.88929E-06
    326.80      6.98924E-06
    336.70      1.55270E-05
    346.60      3.20094E-05
    356.50      6.17798E-05
    366.40      1.12487E-04
    376.30      1.94788E-04
    386.20      3.31061E-04
    396.10      5.48278E-04
    406.00      8.75211E-04
    415.90      1.34297E-03
    425.80      1.98918E-03
    435.70      2.85447E-03
    445.60      3.98100E-03
    455.50      5.41076E-03
    465.40      7.17183E-03
    475.30      9.31120E-03
    485.20      1.18649E-02
    495.10      1.49037E-02
    505.00      1.84272E-02
    514.90      2.24546E-02
    524.80      2.70009E-02
    534.70      3.20749E-02
    544.60      3.76791E-02
    554.50      4.38219E-02
    564.40      5.05296E-02
    574.30      5.77624E-02
    584.20      6.54931E-02
    594.10      7.37022E-02
    604.00      8.23650E-02
    613.90      9.14540E-02
    623.80      0.10114    
    633.70      0.11138    
    643.60      0.12203    
    653.50      0.13300    
    663.40      0.14427    
    673.30      0.15572    
    683.20      0.16721    
    693.10      0.17872    
    703.00      4.13636E-05
    712.90      5.76897E-05
    722.80      7.93976E-05
    732.70      1.07706E-04
    742.60      1.44109E-04
    752.50      1.90330E-04
    762.40      2.48319E-04
    772.30      3.20259E-04
    782.20      4.08573E-04
    792.10      5.15892E-04
    802.00      6.45076E-04
    811.90      7.99199E-04
    821.80      9.81519E-04
    831.70      1.19548E-03
    841.60      1.44471E-03
    851.50      1.73298E-03
    861.40      2.06429E-03
    871.30      2.44250E-03
    881.20      2.87157E-03
    891.10      3.35550E-03
    901.00      3.90688E-03
    910.90      4.53152E-03
    920.80      5.24108E-03
    930.70      6.02944E-03
    940.60      6.90076E-03
    950.50      7.85916E-03
    960.40      8.90892E-03
    970.30      1.00535E-02
    980.20      1.12957E-02
    990.10      1.26458E-02
    1000.0      1.41060E-02
