 C2F4 Density=2.2 Thickness=1. microns
 Photon energy (eV), Transmission
    10.000      4.81513E-08
    19.900      7.81712E-40
    29.800      1.02781E-34
    39.700      1.51973E-25
    49.600      2.13031E-20
    59.500      3.19476E-17
    69.400      5.30348E-14
    79.300      2.18422E-11
    89.200      2.42676E-09
    99.100      9.43911E-08
    109.00      1.72996E-06
    118.90      1.57123E-05
    128.80      8.64323E-05
    138.70      3.53387E-04
    148.60      1.09333E-03
    158.50      2.72027E-03
    168.40      5.81921E-03
    178.30      1.09274E-02
    188.20      1.85156E-02
    198.10      2.91765E-02
    208.00      4.29284E-02
    217.90      5.98472E-02
    227.80      7.95494E-02
    237.70      0.10168    
    247.60      0.12614    
    257.50      0.15289    
    267.40      0.18086    
    277.30      0.20979    
    287.20      1.82172E-02
    297.10      2.45831E-02
    307.00      3.22642E-02
    316.90      4.12285E-02
    326.80      5.14171E-02
    336.70      6.27728E-02
    346.60      7.52176E-02
    356.50      8.86567E-02
    366.40      0.10299    
    376.30      0.11814    
    386.20      0.13489    
    396.10      0.15302    
    406.00      0.17200    
    415.90      0.19143    
    425.80      0.21119    
    435.70      0.23114    
    445.60      0.25119    
    455.50      0.27122    
    465.40      0.29101    
    475.30      0.31064    
    485.20      0.33004    
    495.10      0.34940    
    505.00      0.36844    
    514.90      0.38710    
    524.80      0.40536    
    534.70      0.42320    
    544.60      0.44058    
    554.50      0.45753    
    564.40      0.47412    
    574.30      0.49024    
    584.20      0.50588    
    594.10      0.52104    
    604.00      0.53572    
    613.90      0.54992    
    623.80      0.56393    
    633.70      0.57770    
    643.60      0.59104    
    653.50      0.60390    
    663.40      0.61630    
    673.30      0.62818    
    683.20      0.63946    
    693.10      0.65020    
    703.00      8.01964E-02
    712.90      8.71514E-02
    722.80      9.43956E-02
    732.70      0.10187    
    742.60      0.10957    
    752.50      0.11746    
    762.40      0.12553    
    772.30      0.13378    
    782.20      0.14217    
    792.10      0.15071    
    802.00      0.15937    
    811.90      0.16814    
    821.80      0.17700    
    831.70      0.18595    
    841.60      0.19496    
    851.50      0.20403    
    861.40      0.21315    
    871.30      0.22231    
    881.20      0.23149    
    891.10      0.24068    
    901.00      0.25001    
    910.90      0.25945    
    920.80      0.26906    
    930.70      0.27866    
    940.60      0.28822    
    950.50      0.29774    
    960.40      0.30722    
    970.30      0.31665    
    980.20      0.32601    
    990.10      0.33534    
    1000.0      0.34463    
