 C3H6 Density=0.9 Thickness=1. microns
 Photon energy (eV), Transmission
    10.000      3.45819E-10
    19.900      9.68398E-31
    29.800      1.01763E-13
    39.700      2.29030E-07
    49.600      1.20878E-04
    59.500      1.79557E-03
    69.400      1.06844E-02
    79.300      3.40563E-02
    89.200      7.37187E-02
    99.100      0.12633    
    109.00      0.18655    
    118.90      0.24949    
    128.80      0.31166    
    138.70      0.37334    
    148.60      0.43196    
    158.50      0.48545    
    168.40      0.53370    
    178.30      0.57696    
    188.20      0.61751    
    198.10      0.65822    
    208.00      0.69394    
    217.90      0.72526    
    227.80      0.75166    
    237.70      0.77463    
    247.60      0.79543    
    257.50      0.81815    
    267.40      0.83787    
    277.30      0.85504    
    287.20      2.03515E-02
    297.10      2.69918E-02
    307.00      3.47842E-02
    316.90      4.37177E-02
    326.80      5.37562E-02
    336.70      6.48407E-02
    346.60      7.68967E-02
    356.50      8.98365E-02
    366.40      0.10357    
    376.30      0.11805    
    386.20      0.13449    
    396.10      0.15193    
    406.00      0.16991    
    415.90      0.18829    
    425.80      0.20697    
    435.70      0.22583    
    445.60      0.24478    
    455.50      0.26374    
    465.40      0.28262    
    475.30      0.30137    
    485.20      0.31994    
    495.10      0.33860    
    505.00      0.35699    
    514.90      0.37504    
    524.80      0.39274    
    534.70      0.41005    
    544.60      0.42696    
    554.50      0.44346    
    564.40      0.45952    
    574.30      0.47515    
    584.20      0.49034    
    594.10      0.50510    
    604.00      0.51941    
    613.90      0.53330    
    623.80      0.54676    
    633.70      0.55980    
    643.60      0.57242    
    653.50      0.58464    
    663.40      0.59646    
    673.30      0.60780    
    683.20      0.61852    
    693.10      0.62869    
    703.00      0.63852    
    712.90      0.64878    
    722.80      0.65918    
    732.70      0.66926    
    742.60      0.67899    
    752.50      0.68838    
    762.40      0.69744    
    772.30      0.70618    
    782.20      0.71462    
    792.10      0.72277    
    802.00      0.73064    
    811.90      0.73823    
    821.80      0.74556    
    831.70      0.75263    
    841.60      0.75947    
    851.50      0.76608    
    861.40      0.77248    
    871.30      0.77868    
    881.20      0.78467    
    891.10      0.79046    
    901.00      0.79605    
    910.90      0.80145    
    920.80      0.80667    
    930.70      0.81174    
    940.60      0.81664    
    950.50      0.82138    
    960.40      0.82597    
    970.30      0.83041    
    980.20      0.83470    
    990.10      0.83886    
    1000.0      0.84288    
