 C8H8 Density=1.11 Thickness=1. microns
 Photon energy (eV), Transmission
    10.000      2.67804E-13
    19.900      4.59242E-35
    29.800      2.20586E-16
    39.700      7.47935E-09
    49.600      1.43009E-05
    59.500      3.64196E-04
    69.400      3.25354E-03
    79.300      1.37207E-02
    89.200      3.60078E-02
    99.100      7.08405E-02
    109.00      0.11587    
    118.90      0.16748    
    128.80      0.22224    
    138.70      0.27987    
    148.60      0.33737    
    158.50      0.39189    
    168.40      0.44267    
    178.30      0.48938    
    188.20      0.53423    
    198.10      0.58033    
    208.00      0.62151    
    217.90      0.65816    
    227.80      0.68940    
    237.70      0.71687    
    247.60      0.74197    
    257.50      0.76974    
    267.40      0.79405    
    277.30      0.81533    
    287.20      5.67493E-03
    297.10      8.25588E-03
    307.00      1.15610E-02
    316.90      1.56601E-02
    326.80      2.06052E-02
    336.70      2.64286E-02
    346.60      3.31439E-02
    356.50      4.07460E-02
    366.40      4.92147E-02
    376.30      5.85592E-02
    386.20      6.96225E-02
    396.10      8.18655E-02
    406.00      9.49720E-02
    415.90      0.10885    
    425.80      0.12342    
    435.70      0.13858    
    445.60      0.15423    
    455.50      0.17029    
    465.40      0.18667    
    475.30      0.20329    
    485.20      0.22009    
    495.10      0.23730    
    505.00      0.25456    
    514.90      0.27181    
    524.80      0.28897    
    534.70      0.30601    
    544.60      0.32288    
    554.50      0.33955    
    564.40      0.35598    
    574.30      0.37216    
    584.20      0.38804    
    594.10      0.40363    
    604.00      0.41889    
    613.90      0.43383    
    623.80      0.44843    
    633.70      0.46269    
    643.60      0.47660    
    653.50      0.49016    
    663.40      0.50337    
    673.30      0.51612    
    683.20      0.52824    
    693.10      0.53982    
    703.00      0.55106    
    712.90      0.56285    
    722.80      0.57487    
    732.70      0.58657    
    742.60      0.59792    
    752.50      0.60893    
    762.40      0.61960    
    772.30      0.62994    
    782.20      0.63996    
    792.10      0.64967    
    802.00      0.65908    
    811.90      0.66819    
    821.80      0.67702    
    831.70      0.68556    
    841.60      0.69384    
    851.50      0.70188    
    861.40      0.70969    
    871.30      0.71726    
    881.20      0.72460    
    891.10      0.73171    
    901.00      0.73859    
    910.90      0.74526    
    920.80      0.75171    
    930.70      0.75799    
    940.60      0.76407    
    950.50      0.76997    
    960.40      0.77569    
    970.30      0.78123    
    980.20      0.78661    
    990.10      0.79181    
    1000.0      0.79686    
