 Co Density=8.92 Thickness=1. microns
 Photon energy (eV), Transmission
    10.000      5.05447E-40
    19.900      0.00000    
    29.800      4.38298E-41
    39.700      4.08304E-29
    49.600      1.96310E-22
    59.500      3.98000E-38
    69.400      1.31963E-39
    79.300      9.29067E-32
    89.200      2.78996E-28
    99.100      6.90529E-26
    109.00      1.22367E-23
    118.90      1.58276E-21
    128.80      8.52562E-20
    138.70      3.62997E-18
    148.60      1.02107E-16
    158.50      1.82038E-15
    168.40      2.96191E-14
    178.30      3.52821E-13
    188.20      3.08333E-12
    198.10      2.34216E-11
    208.00      1.44539E-10
    217.90      7.68577E-10
    227.80      3.44326E-09
    237.70      1.31399E-08
    247.60      4.52361E-08
    257.50      1.39092E-07
    267.40      3.82217E-07
    277.30      9.78943E-07
    287.20      2.31252E-06
    297.10      5.05091E-06
    307.00      1.03890E-05
    316.90      2.01959E-05
    326.80      3.71082E-05
    336.70      6.53067E-05
    346.60      1.10219E-04
    356.50      1.78422E-04
    366.40      2.79775E-04
    376.30      4.24854E-04
    386.20      6.25726E-04
    396.10      8.98613E-04
    406.00      1.26013E-03
    415.90      1.72682E-03
    425.80      2.32044E-03
    435.70      3.06196E-03
    445.60      3.96819E-03
    455.50      5.06342E-03
    465.40      6.36655E-03
    475.30      7.89197E-03
    485.20      9.67592E-03
    495.10      1.17376E-02
    505.00      1.40744E-02
    514.90      1.66940E-02
    524.80      1.95930E-02
    534.70      2.27521E-02
    544.60      2.61785E-02
    554.50      2.99162E-02
    564.40      3.40458E-02
    574.30      3.84792E-02
    584.20      4.31523E-02
    594.10      4.80884E-02
    604.00      5.32927E-02
    613.90      5.87614E-02
    623.80      6.44885E-02
    633.70      7.05468E-02
    643.60      7.70265E-02
    653.50      8.39226E-02
    663.40      9.11323E-02
    673.30      9.83896E-02
    683.20      0.10545    
    693.10      0.11240    
    703.00      0.11944    
    712.90      0.12699    
    722.80      0.13494    
    732.70      0.14304    
    742.60      0.15125    
    752.50      0.15958    
    762.40      0.16799    
    772.30      0.17647    
    782.20      1.28862E-06
    792.10      1.85258E-06
    802.00      2.62608E-06
    811.90      3.67309E-06
    821.80      5.07312E-06
    831.70      6.92312E-06
    841.60      9.33848E-06
    851.50      1.24559E-05
    861.40      1.66445E-05
    871.30      2.21502E-05
    881.20      2.93239E-05
    891.10      3.86156E-05
    901.00      4.54383E-05
    910.90      4.93739E-05
    920.80      4.84346E-05
    930.70      4.75223E-05
    940.60      4.87294E-05
    950.50      5.50521E-05
    960.40      6.87180E-05
    970.30      8.76221E-05
    980.20      1.10761E-04
    990.10      1.38765E-04
    1000.0      1.72426E-04
