 Cr Density=7.19 Thickness=1. microns
 Photon energy (eV), Transmission
    10.000      7.36330E-33
    19.900      0.00000    
    29.800      6.42093E-27
    39.700      1.68928E-16
    49.600      0.00000    
    59.500      0.00000    
    69.400      3.42578E-36
    79.300      1.20068E-22
    89.200      7.76092E-19
    99.100      6.08740E-15
    109.00      2.13961E-13
    118.90      1.23365E-12
    128.80      1.67902E-11
    138.70      2.46804E-10
    148.60      2.01807E-09
    158.50      2.67544E-09
    168.40      9.62626E-09
    178.30      3.22814E-08
    188.20      2.16525E-07
    198.10      1.36770E-06
    208.00      2.94093E-06
    217.90      5.43699E-06
    227.80      1.07643E-05
    237.70      2.23273E-05
    247.60      4.01665E-05
    257.50      8.91053E-05
    267.40      2.12130E-04
    277.30      3.95924E-04
    287.20      4.86196E-04
    297.10      5.60801E-04
    307.00      8.50710E-04
    316.90      1.43634E-03
    326.80      2.11101E-03
    336.70      3.05733E-03
    346.60      4.52376E-03
    356.50      6.30843E-03
    366.40      8.36342E-03
    376.30      1.01996E-02
    386.20      1.25961E-02
    396.10      1.54619E-02
    406.00      1.88537E-02
    415.90      2.32826E-02
    425.80      2.81980E-02
    435.70      3.36332E-02
    445.60      3.96214E-02
    455.50      4.61084E-02
    465.40      5.26715E-02
    475.30      5.96084E-02
    485.20      6.68805E-02
    495.10      7.43404E-02
    505.00      8.41786E-02
    514.90      9.48242E-02
    524.80      0.10403    
    534.70      0.11291    
    544.60      0.12367    
    554.50      0.13740    
    564.40      0.14594    
    574.30      2.25321E-14
    584.20      1.11905E-23
    594.10      1.82083E-08
    604.00      7.05371E-07
    613.90      2.29163E-06
    623.80      3.35617E-06
    633.70      2.01240E-06
    643.60      2.63405E-06
    653.50      7.07813E-06
    663.40      5.24303E-06
    673.30      1.39427E-05
    683.20      1.48979E-05
    693.10      6.53731E-06
    703.00      6.00607E-06
    712.90      8.98220E-06
    722.80      1.66964E-05
    732.70      2.46805E-05
    742.60      2.45569E-05
    752.50      2.18182E-05
    762.40      2.70531E-05
    772.30      4.12958E-05
    782.20      7.07649E-05
    792.10      1.15529E-04
    802.00      1.51051E-04
    811.90      1.95107E-04
    821.80      2.14417E-04
    831.70      2.24853E-04
    841.60      2.50948E-04
    851.50      3.21081E-04
    861.40      4.06716E-04
    871.30      5.10296E-04
    881.20      6.34481E-04
    891.10      7.82146E-04
    901.00      9.56359E-04
    910.90      1.16034E-03
    920.80      1.39749E-03
    930.70      1.66324E-03
    940.60      1.96559E-03
    950.50      2.30847E-03
    960.40      2.69568E-03
    970.30      3.13061E-03
    980.20      3.61669E-03
    990.10      4.15734E-03
    1000.0      4.75603E-03
