 Cu Density=8.94 Thickness=1. microns
 Photon energy (eV), Transmission
    10.000      3.59117E-34
    19.900      6.28763E-42
    29.800      3.84376E-42
    39.700      2.97094E-31
    49.600      3.32804E-30
    59.500      2.52543E-29
    69.400      2.87777E-28
    79.300      1.20563E-26
    89.200      1.22428E-25
    99.100      3.96836E-25
    109.00      9.74437E-25
    118.90      2.90340E-24
    128.80      1.67562E-23
    138.70      1.13373E-22
    148.60      1.03691E-21
    158.50      2.13389E-20
    168.40      3.07644E-19
    178.30      6.82763E-18
    188.20      1.44142E-16
    198.10      2.11472E-15
    208.00      3.10160E-14
    217.90      3.27308E-13
    227.80      2.48662E-12
    237.70      1.51550E-11
    247.60      7.91336E-11
    257.50      3.68126E-10
    267.40      1.46808E-09
    277.30      5.12197E-09
    287.20      1.59016E-08
    297.10      4.45684E-08
    307.00      1.16264E-07
    316.90      2.90488E-07
    326.80      6.71115E-07
    336.70      1.44633E-06
    346.60      2.92967E-06
    356.50      5.61465E-06
    366.40      1.03112E-05
    376.30      1.81586E-05
    386.20      3.06779E-05
    396.10      4.99187E-05
    406.00      7.85128E-05
    415.90      1.24564E-04
    425.80      1.98077E-04
    435.70      3.04521E-04
    445.60      4.54023E-04
    455.50      6.58283E-04
    465.40      9.05734E-04
    475.30      1.18071E-03
    485.20      1.51598E-03
    495.10      1.91928E-03
    505.00      2.40513E-03
    514.90      3.02815E-03
    524.80      3.80150E-03
    534.70      4.71101E-03
    544.60      5.76880E-03
    554.50      6.98590E-03
    564.40      8.37316E-03
    574.30      9.94006E-03
    584.20      1.17512E-02
    594.10      1.38677E-02
    604.00      1.62514E-02
    613.90      1.88870E-02
    623.80      2.17805E-02
    633.70      2.49361E-02
    643.60      2.83892E-02
    653.50      3.22280E-02
    663.40      3.64392E-02
    673.30      4.09498E-02
    683.20      4.57559E-02
    693.10      5.08523E-02
    703.00      5.61987E-02
    712.90      6.12952E-02
    722.80      6.61338E-02
    732.70      7.10916E-02
    742.60      7.62031E-02
    752.50      8.14614E-02
    762.40      8.68587E-02
    772.30      9.23881E-02
    782.20      9.83298E-02
    792.10      0.10486    
    802.00      0.11179    
    811.90      0.11887    
    821.80      0.12610    
    831.70      0.13345    
    841.60      0.14092    
    851.50      0.14850    
    861.40      0.15836    
    871.30      0.16856    
    881.20      0.17892    
    891.10      0.18891    
    901.00      0.19804    
    910.90      0.21031    
    920.80      0.23085    
    930.70      0.25177    
    940.60      1.07113E-05
    950.50      1.50531E-05
    960.40      2.08725E-05
    970.30      2.85721E-05
    980.20      3.86310E-05
    990.10      5.16303E-05
    1000.0      6.82471E-05
