 Fe Density=7.87 Thickness=1. microns
 Photon energy (eV), Transmission
    10.000      3.15229E-36
    19.900      2.26107E-40
    29.800      1.30847E-28
    39.700      1.76571E-19
    49.600      7.16810E-14
    59.500      0.00000    
    69.400      1.30547E-29
    79.300      1.43017E-24
    89.200      2.59663E-22
    99.100      1.29925E-20
    109.00      3.57155E-19
    118.90      6.50352E-18
    128.80      1.02683E-16
    138.70      1.65427E-15
    148.60      1.91493E-14
    158.50      2.12064E-13
    168.40      1.71779E-12
    178.30      1.07599E-11
    188.20      5.44293E-11
    198.10      3.56929E-10
    208.00      2.16747E-09
    217.90      1.05279E-08
    227.80      3.91365E-08
    237.70      1.07224E-07
    247.60      2.66571E-07
    257.50      6.09083E-07
    267.40      1.29265E-06
    277.30      2.65469E-06
    287.20      6.13194E-06
    297.10      1.30718E-05
    307.00      2.59750E-05
    316.90      4.85228E-05
    326.80      8.58319E-05
    336.70      1.46255E-04
    346.60      2.62961E-04
    356.50      4.48520E-04
    366.40      7.29286E-04
    376.30      1.13655E-03
    386.20      1.66957E-03
    396.10      2.29838E-03
    406.00      3.15899E-03
    415.90      4.28363E-03
    425.80      5.67820E-03
    435.70      7.37381E-03
    445.60      9.39871E-03
    455.50      1.17786E-02
    465.40      1.45351E-02
    475.30      1.76862E-02
    485.20      2.12454E-02
    495.10      2.52329E-02
    505.00      2.96669E-02
    514.90      3.45308E-02
    524.80      3.98221E-02
    534.70      4.55336E-02
    544.60      5.16553E-02
    554.50      5.81752E-02
    564.40      6.50767E-02
    574.30      7.23438E-02
    584.20      7.99563E-02
    594.10      8.76279E-02
    604.00      9.51543E-02
    613.90      0.10276    
    623.80      0.11058    
    633.70      0.11880    
    643.60      0.12761    
    653.50      0.13699    
    663.40      0.14672    
    673.30      0.15631    
    683.20      0.16539    
    693.10      0.17409    
    703.00      0.18268    
    712.90      8.33929E-07
    722.80      1.30915E-06
    732.70      2.01360E-06
    742.60      3.03801E-06
    752.50      4.50079E-06
    762.40      6.55396E-06
    772.30      9.39068E-06
    782.20      1.32119E-05
    792.10      1.81728E-05
    802.00      2.28636E-05
    811.90      2.49917E-05
    821.80      2.72682E-05
    831.70      2.97011E-05
    841.60      3.22965E-05
    851.50      3.50610E-05
    861.40      4.22666E-05
    871.30      5.35960E-05
    881.20      6.97943E-05
    891.10      8.99802E-05
    901.00      1.14924E-04
    910.90      1.45474E-04
    920.80      1.82583E-04
    930.70      2.26476E-04
    940.60      2.78474E-04
    950.50      3.39685E-04
    960.40      4.11202E-04
    970.30      4.94473E-04
    980.20      5.90996E-04
    990.10      7.02263E-04
    1000.0      8.29811E-04
