 Ge Density=5.32 Thickness=1. microns
 Photon energy (eV), Transmission
    10.000      4.71845E-41
    19.900      2.43677E-08
    29.800      4.44648E-06
    39.700      6.63563E-08
    49.600      1.89003E-09
    59.500      3.79385E-11
    69.400      5.68620E-13
    79.300      2.36413E-13
    89.200      1.24199E-13
    99.100      7.63137E-14
    109.00      6.35818E-14
    118.90      5.38392E-14
    128.80      5.45783E-14
    138.70      8.12284E-14
    148.60      1.17085E-13
    158.50      2.88455E-13
    168.40      8.62970E-13
    178.30      2.33463E-12
    188.20      5.79145E-12
    198.10      1.48191E-11
    208.00      6.09816E-11
    217.90      2.18041E-10
    227.80      6.90516E-10
    237.70      1.96915E-09
    247.60      5.12234E-09
    257.50      1.22962E-08
    267.40      2.74919E-08
    277.30      7.37175E-08
    287.20      1.97024E-07
    297.10      4.81630E-07
    307.00      1.08843E-06
    316.90      2.29455E-06
    326.80      4.54831E-06
    336.70      8.53393E-06
    346.60      1.52465E-05
    356.50      2.60649E-05
    366.40      4.29654E-05
    376.30      6.97547E-05
    386.20      1.09991E-04
    396.10      1.67910E-04
    406.00      2.48913E-04
    415.90      3.59270E-04
    425.80      5.06112E-04
    435.70      7.01735E-04
    445.60      9.89294E-04
    455.50      1.37509E-03
    465.40      1.86926E-03
    475.30      2.48991E-03
    485.20      3.25556E-03
    495.10      4.18466E-03
    505.00      5.29538E-03
    514.90      6.60507E-03
    524.80      8.13014E-03
    534.70      9.88552E-03
    544.60      1.18848E-02
    554.50      1.41395E-02
    564.40      1.66596E-02
    574.30      1.95109E-02
    584.20      2.27991E-02
    594.10      2.64783E-02
    604.00      3.04986E-02
    613.90      3.48609E-02
    623.80      3.95637E-02
    633.70      4.46033E-02
    643.60      4.99737E-02
    653.50      5.56670E-02
    663.40      6.16736E-02
    673.30      6.79827E-02
    683.20      7.45818E-02
    693.10      8.14576E-02
    703.00      8.85960E-02
    712.90      9.59816E-02
    722.80      0.10360    
    732.70      0.11169    
    742.60      0.12010    
    752.50      0.12872    
    762.40      0.13753    
    772.30      0.14651    
    782.20      0.15564    
    792.10      0.16491    
    802.00      0.17429    
    811.90      0.18378    
    821.80      0.19335    
    831.70      0.20300    
    841.60      0.21270    
    851.50      0.22245    
    861.40      0.23222    
    871.30      0.24213    
    881.20      0.25220    
    891.10      0.26263    
    901.00      0.27304    
    910.90      0.28342    
    920.80      0.29378    
    930.70      0.30408    
    940.60      0.31425    
    950.50      0.32414    
    960.40      0.33326    
    970.30      0.34211    
    980.20      0.35088    
    990.10      0.35955    
    1000.0      0.36814    
