 Ge Density=5.32 Thickness=0.1 microns
 Photon energy (eV), Transmission
    10.000      9.27641E-05
    19.900      0.17325    
    29.800      0.29161    
    39.700      0.19151    
    49.600      0.13417    
    59.500      9.07628E-02
    69.400      5.96324E-02
    79.300      5.46219E-02
    89.200      5.12167E-02
    99.100      4.87821E-02
    109.00      4.78997E-02
    118.90      4.71097E-02
    128.80      4.71739E-02
    138.70      4.90875E-02
    148.60      5.09155E-02
    158.50      5.57196E-02
    168.40      6.21727E-02
    178.30      6.86787E-02
    188.20      7.52105E-02
    198.10      8.26194E-02
    208.00      9.51743E-02
    217.90      0.10811    
    227.80      0.12132    
    237.70      0.13472    
    247.60      0.14823    
    257.50      0.16180    
    267.40      0.17536    
    277.30      0.19353    
    287.20      0.21353    
    297.10      0.23349    
    307.00      0.25333    
    316.90      0.27294    
    326.80      0.29227    
    336.70      0.31125    
    346.60      0.32985    
    356.50      0.34802    
    366.40      0.36586    
    376.30      0.38402    
    386.20      0.40192    
    396.10      0.41928    
    406.00      0.43612    
    415.90      0.45242    
    425.80      0.46819    
    435.70      0.48375    
    445.60      0.50065    
    455.50      0.51741    
    465.40      0.53354    
    475.30      0.54906    
    485.20      0.56398    
    495.10      0.57832    
    505.00      0.59209    
    514.90      0.60532    
    524.80      0.61803    
    534.70      0.63023    
    544.60      0.64195    
    554.50      0.65320    
    564.40      0.66400    
    574.30      0.67457    
    584.20      0.68516    
    594.10      0.69549    
    604.00      0.70539    
    613.90      0.71488    
    623.80      0.72399    
    633.70      0.73272    
    643.60      0.74110    
    653.50      0.74913    
    663.40      0.75685    
    673.30      0.76426    
    683.20      0.77137    
    693.10      0.77820    
    703.00      0.78477    
    712.90      0.79108    
    722.80      0.79714    
    732.70      0.80316    
    742.60      0.80901    
    752.50      0.81464    
    762.40      0.82005    
    772.30      0.82525    
    782.20      0.83026    
    792.10      0.83507    
    802.00      0.83971    
    811.90      0.84417    
    821.80      0.84847    
    831.70      0.85261    
    841.60      0.85660    
    851.50      0.86044    
    861.40      0.86415    
    871.30      0.86777    
    881.20      0.87131    
    891.10      0.87485    
    901.00      0.87826    
    910.90      0.88154    
    920.80      0.88471    
    930.70      0.88777    
    940.60      0.89069    
    950.50      0.89346    
    960.40      0.89594    
    970.30      0.89829    
    980.20      0.90057    
    990.10      0.90277    
    1000.0      0.90490    
