 Hf Density=13.09 Thickness=1. microns
 Photon energy (eV), Transmission
    10.000      6.94448E-36
    19.900      3.31745E-19
    29.800      6.34180E-12
    39.700      7.00649E-45
    49.600      1.40130E-45
    59.500      1.03109E-29
    69.400      2.86378E-19
    79.300      1.46846E-15
    89.200      1.37332E-14
    99.100      3.07711E-14
    109.00      5.53774E-14
    118.90      7.29450E-14
    128.80      9.34150E-14
    138.70      1.17478E-13
    148.60      1.59334E-13
    158.50      2.11684E-13
    168.40      2.77970E-13
    178.30      3.59753E-13
    188.20      4.81092E-13
    198.10      7.47598E-13
    208.00      1.13108E-12
    217.90      1.82890E-12
    227.80      3.17654E-12
    237.70      5.33298E-12
    247.60      8.77935E-12
    257.50      1.54472E-11
    267.40      2.62917E-11
    277.30      4.34229E-11
    287.20      7.23243E-11
    297.10      1.56750E-10
    307.00      3.30585E-10
    316.90      6.65026E-10
    326.80      1.27147E-09
    336.70      2.24131E-09
    346.60      3.82021E-09
    356.50      6.32710E-09
    366.40      1.02060E-08
    376.30      1.59992E-08
    386.20      2.43975E-08
    396.10      3.64591E-08
    406.00      5.34681E-08
    415.90      7.69653E-08
    425.80      1.08955E-07
    435.70      1.51933E-07
    445.60      2.08889E-07
    455.50      2.83472E-07
    465.40      3.94306E-07
    475.30      5.49179E-07
    485.20      7.54176E-07
    495.10      1.02220E-06
    505.00      1.36838E-06
    514.90      1.76926E-06
    524.80      2.20864E-06
    534.70      2.72914E-06
    544.60      3.34779E-06
    554.50      4.07868E-06
    564.40      4.96818E-06
    574.30      6.23749E-06
    584.20      8.02964E-06
    594.10      1.02400E-05
    604.00      1.29424E-05
    613.90      1.62203E-05
    623.80      2.01926E-05
    633.70      2.58447E-05
    643.60      3.36978E-05
    653.50      4.37944E-05
    663.40      5.64828E-05
    673.30      7.17386E-05
    683.20      8.93161E-05
    693.10      1.09566E-04
    703.00      1.33520E-04
    712.90      1.64085E-04
    722.80      2.02155E-04
    732.70      2.47372E-04
    742.60      3.00478E-04
    752.50      3.62443E-04
    762.40      4.34324E-04
    772.30      5.17366E-04
    782.20      6.13409E-04
    792.10      7.23707E-04
    802.00      8.49397E-04
    811.90      9.91516E-04
    821.80      1.15145E-03
    831.70      1.33056E-03
    841.60      1.53058E-03
    851.50      1.75335E-03
    861.40      2.00091E-03
    871.30      2.27456E-03
    881.20      2.57571E-03
    891.10      2.90548E-03
    901.00      3.26532E-03
    910.90      3.65669E-03
    920.80      4.08105E-03
    930.70      4.55195E-03
    940.60      5.06494E-03
    950.50      5.62107E-03
    960.40      6.22243E-03
    970.30      6.86852E-03
    980.20      7.55972E-03
    990.10      8.29982E-03
    1000.0      9.08951E-03
