 In Density=7.31 Thickness=1. microns
 Photon energy (eV), Transmission
    10.000      6.93448E-26
    19.900      1.87393E-11
    29.800      1.35036E-18
    39.700      1.03585E-28
    49.600      6.72888E-34
    59.500      4.05679E-35
    69.400      2.51144E-33
    79.300      3.93219E-35
    89.200      3.82779E-31
    99.100      2.16088E-21
    109.00      2.18434E-13
    118.90      1.37414E-08
    128.80      8.53498E-06
    138.70      2.66679E-03
    148.60      2.94894E-02
    158.50      4.34296E-02
    168.40      3.72957E-02
    178.30      2.86818E-02
    188.20      2.12912E-02
    198.10      1.56740E-02
    208.00      1.16479E-02
    217.90      8.62103E-03
    227.80      7.12522E-03
    237.70      5.92851E-03
    247.60      5.12703E-03
    257.50      4.75646E-03
    267.40      4.42077E-03
    277.30      4.49060E-03
    287.20      4.85086E-03
    297.10      5.22079E-03
    307.00      5.90428E-03
    316.90      7.14332E-03
    326.80      8.53406E-03
    336.70      1.02465E-02
    346.60      1.23657E-02
    356.50      1.47354E-02
    366.40      1.73975E-02
    376.30      2.05127E-02
    386.20      2.39647E-02
    396.10      2.76520E-02
    406.00      3.07658E-02
    415.90      3.35647E-02
    425.80      3.55301E-02
    435.70      3.52456E-02
    445.60      9.53425E-02
    455.50      2.02734E-02
    465.40      2.22338E-03
    475.30      3.14847E-04
    485.20      3.57319E-05
    495.10      1.07130E-05
    505.00      5.85625E-06
    514.90      4.18479E-06
    524.80      3.45179E-06
    534.70      3.70947E-06
    544.60      4.20778E-06
    554.50      5.62526E-06
    564.40      7.66303E-06
    574.30      1.03036E-05
    584.20      1.34843E-05
    594.10      1.68427E-05
    604.00      2.05129E-05
    613.90      2.48169E-05
    623.80      3.09345E-05
    633.70      4.09073E-05
    643.60      4.87685E-05
    653.50      4.26967E-05
    663.40      3.08058E-05
    673.30      2.21032E-05
    683.20      1.63537E-05
    693.10      1.43891E-05
    703.00      1.85728E-05
    712.90      2.37512E-05
    722.80      3.01069E-05
    732.70      3.93024E-05
    742.60      5.18151E-05
    752.50      6.79609E-05
    762.40      8.79518E-05
    772.30      1.10969E-04
    782.20      1.27884E-04
    792.10      1.45396E-04
    802.00      1.64744E-04
    811.90      1.86057E-04
    821.80      2.09474E-04
    831.70      2.44683E-04
    841.60      2.89023E-04
    851.50      3.39862E-04
    861.40      3.97650E-04
    871.30      4.63019E-04
    881.20      5.39397E-04
    891.10      6.38449E-04
    901.00      7.55345E-04
    910.90      8.90054E-04
    920.80      1.04310E-03
    930.70      1.21548E-03
    940.60      1.40909E-03
    950.50      1.62560E-03
    960.40      1.86668E-03
    970.30      2.13414E-03
    980.20      2.42972E-03
    990.10      2.75698E-03
    1000.0      3.11744E-03
