 In Density=7.31 Thickness=0.1 microns
 Photon energy (eV), Transmission
    10.000      3.04861E-03
    19.900      8.45815E-02
    29.800      1.63322E-02
    39.700      1.59048E-03
    49.600      4.81719E-04
    59.500      3.63763E-04
    69.400      5.49531E-04
    79.300      3.62630E-04
    89.200      9.08437E-04
    99.100      8.57952E-03
    109.00      5.41916E-02
    118.90      0.16361    
    128.80      0.31126    
    138.70      0.55284    
    148.60      0.70302    
    158.50      0.73077    
    168.40      0.71972    
    178.30      0.70107    
    188.20      0.68049    
    198.10      0.65996    
    208.00      0.64066    
    217.90      0.62166    
    227.80      0.60993    
    237.70      0.59882    
    247.60      0.59018    
    257.50      0.58577    
    267.40      0.58150    
    277.30      0.58241    
    287.20      0.58692    
    297.10      0.59125    
    307.00      0.59857    
    316.90      0.61008    
    326.80      0.62103    
    336.70      0.63250    
    346.60      0.64450    
    356.50      0.65590    
    366.40      0.66688    
    376.30      0.67796    
    386.20      0.68858    
    396.10      0.69851    
    406.00      0.70600    
    415.90      0.71218    
    425.80      0.71624    
    435.70      0.71567    
    445.60      0.79055    
    455.50      0.67716    
    465.40      0.54288    
    475.30      0.44649    
    485.20      0.35917    
    495.10      0.31841    
    505.00      0.29975    
    514.90      0.28985    
    524.80      0.28432    
    534.70      0.28637    
    544.60      0.29000    
    554.50      0.29855    
    564.40      0.30792    
    574.30      0.31718    
    584.20      0.32582    
    594.10      0.33315    
    604.00      0.33978    
    613.90      0.34632    
    623.80      0.35403    
    633.70      0.36407    
    643.60      0.37052    
    653.50      0.36563    
    663.40      0.35389    
    673.30      0.34233    
    683.20      0.33217    
    693.10      0.32795    
    703.00      0.33642    
    712.90      0.34480    
    722.80      0.35307    
    732.70      0.36261    
    742.60      0.37277    
    752.50      0.38302    
    762.40      0.39303    
    772.30      0.40227    
    782.20      0.40802    
    792.10      0.41329    
    802.00      0.41849    
    811.90      0.42361    
    821.80      0.42866    
    831.70      0.43537    
    841.60      0.44268    
    851.50      0.44991    
    861.40      0.45704    
    871.30      0.46404    
    881.20      0.47118    
    891.10      0.47920    
    901.00      0.48732    
    910.90      0.49538    
    920.80      0.50331    
    930.70      0.51106    
    940.60      0.51867    
    950.50      0.52614    
    960.40      0.53347    
    970.30      0.54066    
    980.20      0.54772    
    990.10      0.55468    
    1000.0      0.56154    
