 LiF Density=2.59 Thickness=1. microns
 Photon energy (eV), Transmission
    10.000      8.57796E-04
    19.900      1.66332E-29
    29.800      8.83591E-32
    39.700      6.00217E-25
    49.600      1.11634E-20
    59.500      1.18265E-26
    69.400      1.38674E-22
    79.300      2.38581E-18
    89.200      8.50799E-16
    99.100      1.81526E-12
    109.00      4.22196E-10
    118.90      1.64488E-08
    128.80      2.95866E-07
    138.70      3.12000E-06
    148.60      2.03646E-05
    158.50      9.01370E-05
    168.40      3.11659E-04
    178.30      8.59689E-04
    188.20      2.02514E-03
    198.10      4.19737E-03
    208.00      7.71802E-03
    217.90      1.30784E-02
    227.80      2.06174E-02
    237.70      3.04820E-02
    247.60      4.28379E-02
    257.50      5.76210E-02
    267.40      7.46377E-02
    277.30      9.37882E-02
    287.20      0.11493    
    297.10      0.13763    
    307.00      0.16214    
    316.90      0.18778    
    326.80      0.21406    
    336.70      0.24069    
    346.60      0.26741    
    356.50      0.29402    
    366.40      0.32032    
    376.30      0.34617    
    386.20      0.37149    
    396.10      0.39765    
    406.00      0.42382    
    415.90      0.44912    
    425.80      0.47348    
    435.70      0.49688    
    445.60      0.51931    
    455.50      0.54080    
    465.40      0.56108    
    475.30      0.58045    
    485.20      0.59891    
    495.10      0.61648    
    505.00      0.63320    
    514.90      0.64909    
    524.80      0.66420    
    534.70      0.67853    
    544.60      0.69213    
    554.50      0.70512    
    564.40      0.71769    
    574.30      0.72966    
    584.20      0.74102    
    594.10      0.75180    
    604.00      0.76203    
    613.90      0.77176    
    623.80      0.78142    
    633.70      0.79099    
    643.60      0.80018    
    653.50      0.80892    
    663.40      0.81723    
    673.30      0.82505    
    683.20      0.83236    
    693.10      0.83924    
    703.00      7.72772E-02
    712.90      8.40368E-02
    722.80      9.10418E-02
    732.70      9.82733E-02
    742.60      0.10572    
    752.50      0.11336    
    762.40      0.12118    
    772.30      0.12918    
    782.20      0.13733    
    792.10      0.14562    
    802.00      0.15403    
    811.90      0.16256    
    821.80      0.17118    
    831.70      0.17989    
    841.60      0.18868    
    851.50      0.19752    
    861.40      0.20641    
    871.30      0.21535    
    881.20      0.22430    
    891.10      0.23328    
    901.00      0.24242    
    910.90      0.25169    
    920.80      0.26115    
    930.70      0.27059    
    940.60      0.28002    
    950.50      0.28941    
    960.40      0.29877    
    970.30      0.30807    
    980.20      0.31732    
    990.10      0.32655    
    1000.0      0.33574    
