 Mg Density=1.74 Thickness=1. microns
 Photon energy (eV), Transmission
    10.000      8.40303E-18
    19.900      5.04515E-02
    29.800      0.19233    
    39.700      0.30009    
    49.600      1.01709E-02
    59.500      9.02201E-08
    69.400      1.43856E-13
    79.300      2.96196E-11
    89.200      1.63952E-12
    99.100      2.04593E-11
    109.00      1.63952E-09
    118.90      9.11935E-09
    128.80      1.24894E-08
    138.70      1.73908E-07
    148.60      6.54584E-07
    158.50      1.49120E-06
    168.40      4.54438E-06
    178.30      2.03601E-05
    188.20      6.55785E-05
    198.10      1.65559E-04
    208.00      3.27426E-04
    217.90      6.49016E-04
    227.80      1.27477E-03
    237.70      2.29540E-03
    247.60      3.84274E-03
    257.50      6.05009E-03
    267.40      9.04145E-03
    277.30      1.29232E-02
    287.20      1.80022E-02
    297.10      2.47906E-02
    307.00      3.29726E-02
    316.90      4.25575E-02
    326.80      5.35143E-02
    336.70      6.57802E-02
    346.60      7.92624E-02
    356.50      9.38517E-02
    366.40      0.10942    
    376.30      0.12585    
    386.20      0.14299    
    396.10      0.16073    
    406.00      0.17892    
    415.90      0.19746    
    425.80      0.21624    
    435.70      0.23517    
    445.60      0.25495    
    455.50      0.27517    
    465.40      0.29528    
    475.30      0.31521    
    485.20      0.33489    
    495.10      0.35428    
    505.00      0.37332    
    514.90      0.39197    
    524.80      0.41022    
    534.70      0.42803    
    544.60      0.44601    
    554.50      0.46517    
    564.40      0.48281    
    574.30      0.49896    
    584.20      0.51461    
    594.10      0.52977    
    604.00      0.54444    
    613.90      0.55862    
    623.80      0.57234    
    633.70      0.58558    
    643.60      0.59838    
    653.50      0.61073    
    663.40      0.62268    
    673.30      0.63420    
    683.20      0.64532    
    693.10      0.65605    
    703.00      0.66643    
    712.90      0.67679    
    722.80      0.68725    
    732.70      0.69731    
    742.60      0.70699    
    752.50      0.71630    
    762.40      0.72539    
    772.30      0.73426    
    782.20      0.74287    
    792.10      0.75107    
    802.00      0.75775    
    811.90      0.76408    
    821.80      0.77016    
    831.70      0.77604    
    841.60      0.78172    
    851.50      0.78816    
    861.40      0.79511    
    871.30      0.80234    
    881.20      0.80927    
    891.10      0.81591    
    901.00      0.82215    
    910.90      0.82786    
    920.80      0.83330    
    930.70      0.83851    
    940.60      0.84353    
    950.50      0.84835    
    960.40      0.85299    
    970.30      0.85745    
    980.20      0.86175    
    990.10      0.86592    
    1000.0      0.86998    
