 MgF2 Density=3. Thickness=1. microns
 Photon energy (eV), Transmission
    10.000      4.03420E-13
    19.900      3.83902E-28
    29.800      1.78182E-30
    39.700      4.77763E-24
    49.600      4.57493E-21
    59.500      1.07134E-21
    69.400      1.45263E-22
    79.300      1.78710E-18
    89.200      2.65645E-17
    99.100      5.56467E-15
    109.00      1.96876E-12
    118.90      5.73149E-11
    128.80      3.92941E-10
    138.70      9.52341E-09
    148.60      7.22330E-08
    158.50      3.14110E-07
    168.40      1.42951E-06
    178.30      7.39577E-06
    188.20      2.75712E-05
    198.10      8.07886E-05
    208.00      1.87807E-04
    217.90      4.14761E-04
    227.80      8.69313E-04
    237.70      1.65305E-03
    247.60      2.90426E-03
    257.50      4.76666E-03
    267.40      7.37812E-03
    277.30      1.08755E-02
    287.20      1.54929E-02
    297.10      2.15875E-02
    307.00      2.91244E-02
    316.90      3.81045E-02
    326.80      4.84870E-02
    336.70      6.02241E-02
    346.60      7.32356E-02
    356.50      8.74199E-02
    366.40      0.10266    
    376.30      0.11882    
    386.20      0.13577    
    396.10      0.15389    
    406.00      0.17287    
    415.90      0.19229    
    425.80      0.21203    
    435.70      0.23197    
    445.60      0.25254    
    455.50      0.27340    
    465.40      0.29402    
    475.30      0.31447    
    485.20      0.33467    
    495.10      0.35456    
    505.00      0.37410    
    514.90      0.39324    
    524.80      0.41195    
    534.70      0.43021    
    544.60      0.44841    
    554.50      0.46727    
    564.40      0.48505    
    574.30      0.50165    
    584.20      0.51773    
    594.10      0.53329    
    604.00      0.54834    
    613.90      0.56287    
    623.80      0.57722    
    633.70      0.59131    
    643.60      0.60494    
    653.50      0.61807    
    663.40      0.63073    
    673.30      0.64291    
    683.20      0.65462    
    693.10      0.66590    
    703.00      6.73161E-02
    712.90      7.36156E-02
    722.80      8.02094E-02
    732.70      8.70494E-02
    742.60      9.41227E-02
    752.50      0.10142    
    762.40      0.10893    
    772.30      0.11664    
    782.20      0.12455    
    792.10      0.13261    
    802.00      0.14067    
    811.90      0.14884    
    821.80      0.15712    
    831.70      0.16551    
    841.60      0.17398    
    851.50      0.18268    
    861.40      0.19158    
    871.30      0.20062    
    881.20      0.20971    
    891.10      0.21884    
    901.00      0.22810    
    910.90      0.23745    
    920.80      0.24698    
    930.70      0.25651    
    940.60      0.26602    
    950.50      0.27552    
    960.40      0.28499    
    970.30      0.29443    
    980.20      0.30381    
    990.10      0.31319    
    1000.0      0.32256    
