 Mo Density=10.22 Thickness=1. microns
 Photon energy (eV), Transmission
    10.000      2.66247E-44
    19.900      0.00000    
    29.800      1.64096E-20
    39.700      1.89826E-34
    49.600      0.00000    
    59.500      3.71586E-36
    69.400      1.15865E-14
    79.300      2.93780E-06
    89.200      1.30696E-03
    99.100      6.09570E-03
    109.00      5.54470E-03
    118.90      4.50843E-03
    128.80      4.52725E-03
    138.70      4.09642E-03
    148.60      3.39848E-03
    158.50      3.32840E-03
    168.40      3.93903E-03
    178.30      4.41460E-03
    188.20      4.22808E-03
    198.10      4.78888E-03
    208.00      5.48118E-03
    217.90      6.03567E-03
    227.80      4.83195E-03
    237.70      2.44858E-03
    247.60      2.99707E-04
    257.50      1.18986E-05
    267.40      1.42044E-08
    277.30      5.10399E-10
    287.20      2.52114E-10
    297.10      8.97632E-11
    307.00      1.82241E-11
    316.90      6.30037E-12
    326.80      8.94313E-12
    336.70      1.18404E-11
    346.60      1.61275E-11
    356.50      1.98129E-11
    366.40      2.93687E-11
    376.30      4.47982E-11
    386.20      2.32087E-11
    396.10      1.73274E-13
    406.00      6.43965E-12
    415.90      2.83923E-11
    425.80      6.47756E-11
    435.70      6.90489E-11
    445.60      4.88227E-11
    455.50      2.10601E-10
    465.40      5.59590E-10
    475.30      1.27405E-09
    485.20      2.04999E-09
    495.10      3.24659E-09
    505.00      3.05645E-09
    514.90      2.96024E-09
    524.80      3.64580E-09
    534.70      1.02082E-08
    544.60      3.23513E-08
    554.50      4.85816E-08
    564.40      5.66313E-08
    574.30      8.07122E-08
    584.20      2.36679E-07
    594.10      1.98912E-07
    604.00      2.61657E-07
    613.90      4.17642E-07
    623.80      6.82627E-07
    633.70      9.81393E-07
    643.60      1.39559E-06
    653.50      1.98898E-06
    663.40      2.82866E-06
    673.30      3.81780E-06
    683.20      5.04011E-06
    693.10      6.80703E-06
    703.00      9.94414E-06
    712.90      1.41119E-05
    722.80      2.01486E-05
    732.70      2.64825E-05
    742.60      3.40550E-05
    752.50      4.28098E-05
    762.40      5.70869E-05
    772.30      7.51252E-05
    782.20      1.04333E-04
    792.10      1.35257E-04
    802.00      1.73521E-04
    811.90      2.07888E-04
    821.80      2.48983E-04
    831.70      2.97634E-04
    841.60      3.72564E-04
    851.50      4.60935E-04
    861.40      5.65692E-04
    871.30      7.09706E-04
    881.20      8.45895E-04
    891.10      1.01997E-03
    901.00      1.17652E-03
    910.90      1.41724E-03
    920.80      1.62424E-03
    930.70      1.92657E-03
    940.60      2.26945E-03
    950.50      2.65756E-03
    960.40      3.08625E-03
    970.30      3.53178E-03
    980.20      3.95543E-03
    990.10      4.37716E-03
    1000.0      4.86202E-03
