 Mo Density=10.22 Thickness=0.1 microns
 Photon energy (eV), Transmission
    10.000      4.39499E-05
    19.900      1.25873E-08
    29.800      1.05077E-02
    39.700      4.24459E-04
    49.600      3.06067E-06
    59.500      2.86422E-04
    69.400      4.04013E-02
    79.300      0.27977    
    89.200      0.51479    
    99.100      0.60049    
    109.00      0.59482    
    118.90      0.58264    
    128.80      0.58289    
    138.70      0.57709    
    148.60      0.56641    
    158.50      0.56523    
    168.40      0.57483    
    178.30      0.58142    
    188.20      0.57891    
    198.10      0.58617    
    208.00      0.59414    
    217.90      0.59989    
    227.80      0.58669    
    237.70      0.54814    
    247.60      0.44429    
    257.50      0.32177    
    267.40      0.16415    
    277.30      0.11770    
    287.20      0.10969    
    297.10      9.89258E-02
    307.00      8.43460E-02
    316.90      7.58467E-02
    326.80      7.85505E-02
    336.70      8.07861E-02
    346.60      8.33215E-02
    356.50      8.50540E-02
    366.40      8.84684E-02
    376.30      9.22839E-02
    386.20      8.64102E-02
    396.10      5.29509E-02
    406.00      7.60127E-02
    415.90      8.81698E-02
    425.80      9.57505E-02
    435.70      9.63642E-02
    445.60      9.30812E-02
    455.50      0.10773    
    465.40      0.11879    
    475.30      0.12898    
    485.20      0.13526    
    495.10      0.14163    
    505.00      0.14077    
    514.90      0.14032    
    524.80      0.14328    
    534.70      0.15882    
    544.60      0.17823    
    554.50      0.18563    
    564.40      0.18850    
    574.30      0.19530    
    584.20      0.21748    
    594.10      0.21373    
    604.00      0.21967    
    613.90      0.23019    
    623.80      0.24178    
    633.70      0.25072    
    643.60      0.25970    
    653.50      0.26907    
    663.40      0.27871    
    673.30      0.28720    
    683.20      0.29529    
    693.10      0.30430    
    703.00      0.31605    
    712.90      0.32731    
    722.80      0.33918    
    732.70      0.34857    
    742.60      0.35745    
    752.50      0.36572    
    762.40      0.37640    
    772.30      0.38688    
    782.20      0.39980    
    792.10      0.41031    
    802.00      0.42066    
    811.90      0.42833    
    821.80      0.43613    
    831.70      0.44398    
    841.60      0.45407    
    851.50      0.46384    
    861.40      0.47343    
    871.30      0.48429    
    881.20      0.49287    
    891.10      0.50218    
    901.00      0.50940    
    910.90      0.51897    
    920.80      0.52610    
    930.70      0.53515    
    940.60      0.54399    
    950.50      0.55265    
    960.40      0.56097    
    970.30      0.56859    
    980.20      0.57507    
    990.10      0.58092    
    1000.0      0.58706    
