 Nb Density=8.57 Thickness=1. microns
 Photon energy (eV), Transmission
    10.000      0.00000    
    19.900      0.00000    
    29.800      2.58848E-13
    39.700      0.00000    
    49.600      0.00000    
    59.500      8.12859E-21
    69.400      5.81049E-08
    79.300      8.80481E-04
    89.200      9.17127E-03
    99.100      1.30522E-02
    109.00      1.24616E-02
    118.90      1.17888E-02
    128.80      1.12166E-02
    138.70      1.01246E-02
    148.60      1.06354E-02
    158.50      1.18188E-02
    168.40      1.30209E-02
    178.30      1.42387E-02
    188.20      1.55769E-02
    198.10      1.70824E-02
    208.00      8.29791E-03
    217.90      1.10974E-03
    227.80      1.02162E-04
    237.70      6.28509E-07
    247.60      1.92884E-08
    257.50      3.53739E-09
    267.40      4.38279E-10
    277.30      1.13121E-10
    287.20      5.03276E-11
    297.10      5.52842E-11
    307.00      9.91428E-11
    316.90      1.09124E-10
    326.80      1.25444E-10
    336.70      1.62312E-10
    346.60      1.61949E-10
    356.50      1.07472E-10
    366.40      2.08923E-11
    376.30      2.74642E-11
    386.20      1.52748E-10
    396.10      1.92549E-10
    406.00      2.99131E-10
    415.90      6.45239E-10
    425.80      1.68725E-09
    435.70      3.03075E-09
    445.60      5.28558E-09
    455.50      8.20019E-09
    465.40      7.85032E-09
    475.30      9.42604E-09
    485.20      1.87285E-08
    495.10      3.65056E-08
    505.00      7.16669E-08
    514.90      9.44555E-08
    524.80      1.23184E-07
    534.70      1.76047E-07
    544.60      2.88146E-07
    554.50      5.54800E-07
    564.40      1.17462E-06
    574.30      2.42737E-06
    584.20      3.43895E-06
    594.10      4.79963E-06
    604.00      6.60474E-06
    613.90      8.96831E-06
    623.80      1.20260E-05
    633.70      1.62436E-05
    643.60      2.22986E-05
    653.50      3.05271E-05
    663.40      4.12207E-05
    673.30      5.49455E-05
    683.20      7.23531E-05
    693.10      9.41817E-05
    703.00      1.21274E-04
    712.90      1.54559E-04
    722.80      1.95072E-04
    732.70      2.43941E-04
    742.60      3.02408E-04
    752.50      3.71792E-04
    762.40      4.53510E-04
    772.30      5.49080E-04
    782.20      6.60094E-04
    792.10      7.88713E-04
    802.00      9.46401E-04
    811.90      1.13328E-03
    821.80      1.34794E-03
    831.70      1.59296E-03
    841.60      1.87100E-03
    851.50      2.18477E-03
    861.40      2.53706E-03
    871.30      2.93065E-03
    881.20      3.36823E-03
    891.10      3.85969E-03
    901.00      4.41821E-03
    910.90      5.05970E-03
    920.80      5.78177E-03
    930.70      6.59139E-03
    940.60      7.71910E-03
    950.50      8.83217E-03
    960.40      9.89268E-03
    970.30      1.10198E-02
    980.20      1.22311E-02
    990.10      1.35293E-02
    1000.0      1.49165E-02
