 Nb Density=8.57 Thickness=0.2 microns
 Photon energy (eV), Transmission
    10.000      5.71100E-10
    19.900      9.82407E-12
    29.800      3.03815E-03
    39.700      3.08337E-15
    49.600      6.62994E-11
    59.500      9.59407E-05
    69.400      3.57143E-02
    79.300      0.24487    
    89.200      0.39128    
    99.100      0.41989    
    109.00      0.41602    
    118.90      0.41143    
    128.80      0.40735    
    138.70      0.39909    
    148.60      0.40304    
    158.50      0.41164    
    168.40      0.41969    
    178.30      0.42726    
    188.20      0.43501    
    198.10      0.44311    
    208.00      0.38353    
    217.90      0.25647    
    227.80      0.15917    
    237.70      5.74993E-02
    247.60      2.86457E-02
    257.50      2.04050E-02
    267.40      1.34385E-02
    277.30      1.02496E-02
    287.20      8.71689E-03
    297.10      8.88219E-03
    307.00      9.98280E-03
    316.90      1.01762E-02
    326.80      1.04638E-02
    336.70      1.10172E-02
    346.60      1.10122E-02
    356.50      1.01452E-02
    366.40      7.31134E-03
    376.30      7.72242E-03
    386.20      1.08842E-02
    396.10      1.14001E-02
    406.00      1.24501E-02
    415.90      1.45193E-02
    425.80      1.75969E-02
    435.70      1.97838E-02
    445.60      2.21115E-02
    455.50      2.41415E-02
    465.40      2.39319E-02
    475.30      2.48237E-02
    485.20      2.84774E-02
    495.10      3.25441E-02
    505.00      3.72446E-02
    514.90      3.93591E-02
    524.80      4.15060E-02
    534.70      4.45785E-02
    544.60      4.91952E-02
    554.50      5.60825E-02
    564.40      6.51597E-02
    574.30      7.53402E-02
    584.20      8.07765E-02
    594.10      8.63459E-02
    604.00      9.20388E-02
    613.90      9.78458E-02
    623.80      0.10376    
    633.70      0.11019    
    643.60      0.11740    
    653.50      0.12501    
    663.40      0.13275    
    673.30      0.14060    
    683.20      0.14856    
    693.10      0.15660    
    703.00      0.16472    
    712.90      0.17291    
    722.80      0.18115    
    732.70      0.18943    
    742.60      0.19775    
    752.50      0.20609    
    762.40      0.21445    
    772.30      0.22281    
    782.20      0.23116    
    792.10      0.23954    
    802.00      0.24844    
    811.90      0.25755    
    821.80      0.26665    
    831.70      0.27570    
    841.60      0.28472    
    851.50      0.29368    
    861.40      0.30260    
    871.30      0.31145    
    881.20      0.32024    
    891.10      0.32909    
    901.00      0.33810    
    910.90      0.34740    
    920.80      0.35679    
    930.70      0.36626    
    940.60      0.37802    
    950.50      0.38834    
    960.40      0.39725    
    970.30      0.40591    
    980.20      0.41447    
    990.10      0.42292    
    1000.0      0.43125    
