 Ni Density=8.91 Thickness=1. microns
 Photon energy (eV), Transmission
    10.000      6.20093E-39
    19.900      6.30584E-44
    29.800      6.51829E-35
    39.700      1.94629E-23
    49.600      1.51419E-20
    59.500      2.80149E-20
    69.400      2.30921E-34
    79.300      1.08779E-34
    89.200      3.73852E-31
    99.100      4.13168E-28
    109.00      8.54444E-26
    118.90      1.09258E-23
    128.80      8.78145E-22
    138.70      1.95996E-20
    148.60      1.15647E-19
    158.50      6.50019E-19
    168.40      1.18569E-17
    178.30      1.52289E-16
    188.20      1.46044E-15
    198.10      1.09556E-14
    208.00      8.18772E-14
    217.90      7.19667E-13
    227.80      4.95961E-12
    237.70      2.77855E-11
    247.60      1.30329E-10
    257.50      5.24462E-10
    267.40      1.84767E-09
    277.30      5.79617E-09
    287.20      1.72900E-08
    297.10      5.52775E-08
    307.00      1.58311E-07
    316.90      4.11642E-07
    326.80      9.83090E-07
    336.70      2.17750E-06
    346.60      4.51140E-06
    356.50      8.80672E-06
    366.40      1.63007E-05
    376.30      2.94396E-05
    386.20      5.17892E-05
    396.10      8.72052E-05
    406.00      1.41173E-04
    415.90      2.20558E-04
    425.80      3.33668E-04
    435.70      4.90277E-04
    445.60      7.01514E-04
    455.50      9.79796E-04
    465.40      1.33859E-03
    475.30      1.79224E-03
    485.20      2.35568E-03
    495.10      3.04926E-03
    505.00      3.95706E-03
    514.90      5.13856E-03
    524.80      6.56063E-03
    534.70      8.24668E-03
    544.60      1.02189E-02
    554.50      1.24965E-02
    564.40      1.50972E-02
    574.30      1.80353E-02
    584.20      2.13225E-02
    594.10      2.49676E-02
    604.00      2.89761E-02
    613.90      3.30670E-02
    623.80      3.71918E-02
    633.70      4.15327E-02
    643.60      4.61336E-02
    653.50      5.09889E-02
    663.40      5.60916E-02
    673.30      6.14340E-02
    683.20      6.70073E-02
    693.10      7.28022E-02
    703.00      7.88089E-02
    712.90      8.50157E-02
    722.80      9.32868E-02
    732.70      0.10454    
    742.60      0.11721    
    752.50      0.12780    
    762.40      0.13411    
    772.30      0.14208    
    782.20      0.14970    
    792.10      0.15707    
    802.00      0.16432    
    811.90      0.17159    
    821.80      0.17890    
    831.70      0.18626    
    841.60      0.19364    
    851.50      0.20104    
    861.40      3.54301E-06
    871.30      4.96372E-06
    881.20      6.86637E-06
    891.10      9.38403E-06
    901.00      1.26780E-05
    910.90      1.69413E-05
    920.80      2.24021E-05
    930.70      2.91601E-05
    940.60      3.76187E-05
    950.50      4.82628E-05
    960.40      6.15757E-05
    970.30      7.66688E-05
    980.20      8.94062E-05
    990.10      9.34695E-05
    1000.0      9.14973E-05
