 Pb Density=11.34 Thickness=1. microns
 Photon energy (eV), Transmission
    10.000      0.00000    
    19.900      6.93354E-24
    29.800      2.66346E-20
    39.700      4.91247E-31
    49.600      3.89956E-37
    59.500      9.86015E-38
    69.400      3.39444E-33
    79.300      5.03687E-28
    89.200      3.56632E-22
    99.100      1.64017E-16
    109.00      7.48947E-12
    118.90      3.88389E-08
    128.80      3.02110E-06
    138.70      2.56258E-05
    148.60      1.81428E-04
    158.50      8.97611E-04
    168.40      2.48996E-03
    178.30      4.24078E-03
    188.20      4.65774E-03
    198.10      4.27205E-03
    208.00      2.71677E-03
    217.90      1.31150E-03
    227.80      5.64256E-04
    237.70      2.11161E-04
    247.60      7.30363E-05
    257.50      3.41383E-05
    267.40      1.58123E-05
    277.30      7.39156E-06
    287.20      3.56802E-06
    297.10      1.69152E-06
    307.00      8.64102E-07
    316.90      6.18654E-07
    326.80      4.44095E-07
    336.70      3.19617E-07
    346.60      2.34450E-07
    356.50      1.74842E-07
    366.40      1.34076E-07
    376.30      1.31557E-07
    386.20      1.40484E-07
    396.10      1.50247E-07
    406.00      1.71365E-07
    415.90      2.03014E-07
    425.80      2.39138E-07
    435.70      2.79506E-07
    445.60      3.21029E-07
    455.50      3.66625E-07
    465.40      4.17042E-07
    475.30      4.72572E-07
    485.20      5.80652E-07
    495.10      7.53560E-07
    505.00      9.69819E-07
    514.90      1.23663E-06
    524.80      1.56301E-06
    534.70      1.96417E-06
    544.60      2.49221E-06
    554.50      3.13547E-06
    564.40      3.91318E-06
    574.30      4.84666E-06
    584.20      5.95954E-06
    594.10      7.28556E-06
    604.00      8.87809E-06
    613.90      1.07680E-05
    623.80      1.29795E-05
    633.70      1.55527E-05
    643.60      1.85310E-05
    653.50      2.17871E-05
    663.40      2.52763E-05
    673.30      2.91465E-05
    683.20      3.34765E-05
    693.10      3.83047E-05
    703.00      4.36698E-05
    712.90      4.96123E-05
    722.80      5.61760E-05
    732.70      6.34033E-05
    742.60      7.22042E-05
    752.50      8.28171E-05
    762.40      9.48839E-05
    772.30      1.08312E-04
    782.20      1.23203E-04
    792.10      1.40521E-04
    802.00      1.60850E-04
    811.90      1.84664E-04
    821.80      2.11197E-04
    831.70      2.40658E-04
    841.60      2.73464E-04
    851.50      3.10063E-04
    861.40      3.49503E-04
    871.30      3.89020E-04
    881.20      4.29301E-04
    891.10      4.72709E-04
    901.00      5.19356E-04
    910.90      5.69384E-04
    920.80      6.22939E-04
    930.70      6.99947E-04
    940.60      7.91323E-04
    950.50      8.97249E-04
    960.40      1.01992E-03
    970.30      1.15715E-03
    980.20      1.30830E-03
    990.10      1.47502E-03
    1000.0      1.65806E-03
