 Pb Density=11.34 Thickness=0.1 microns
 Photon energy (eV), Transmission
    10.000      2.13502E-05
    19.900      4.83165E-03
    29.800      1.10292E-02
    39.700      9.31386E-04
    49.600      2.28613E-04
    59.500      1.99245E-04
    69.400      5.66339E-04
    79.300      1.86301E-03
    89.200      7.16510E-03
    99.100      2.63930E-02
    109.00      7.71694E-02
    118.90      0.18152    
    128.80      0.28055    
    138.70      0.34743    
    148.60      0.42254    
    158.50      0.49580    
    168.40      0.54906    
    178.30      0.57909    
    188.20      0.58454    
    198.10      0.57951    
    208.00      0.55387    
    217.90      0.51496    
    227.80      0.47331    
    237.70      0.42900    
    247.60      0.38579    
    257.50      0.35754    
    267.40      0.33105    
    277.30      0.30681    
    287.20      0.28526    
    297.10      0.26474    
    307.00      0.24755    
    316.90      0.23941    
    326.80      0.23160    
    336.70      0.22411    
    346.60      0.21727    
    356.50      0.21099    
    366.40      0.20546    
    376.30      0.20507    
    386.20      0.20643    
    396.10      0.20782    
    406.00      0.21057    
    415.90      0.21417    
    425.80      0.21770    
    435.70      0.22113    
    445.60      0.22421    
    455.50      0.22721    
    465.40      0.23015    
    475.30      0.23305    
    485.20      0.23790    
    495.10      0.24418    
    505.00      0.25042    
    514.90      0.25658    
    524.80      0.26266    
    534.70      0.26873    
    544.60      0.27521    
    554.50      0.28160    
    564.40      0.28791    
    574.30      0.29413    
    584.20      0.30028    
    594.10      0.30637    
    604.00      0.31249    
    613.90      0.31858    
    623.80      0.32458    
    633.70      0.33051    
    643.60      0.33635    
    653.50      0.34184    
    663.40      0.34695    
    673.30      0.35193    
    683.20      0.35684    
    693.10      0.36168    
    703.00      0.36645    
    712.90      0.37116    
    722.80      0.37580    
    732.70      0.38037    
    742.60      0.38535    
    752.50      0.39067    
    762.40      0.39602    
    772.30      0.40130    
    782.20      0.40650    
    792.10      0.41188    
    802.00      0.41749    
    811.90      0.42329    
    821.80      0.42901    
    831.70      0.43465    
    841.60      0.44024    
    851.50      0.44581    
    861.40      0.45118    
    871.30      0.45603    
    881.20      0.46055    
    891.10      0.46501    
    901.00      0.46940    
    910.90      0.47374    
    920.80      0.47802    
    930.70      0.48362    
    940.60      0.48959    
    950.50      0.49578    
    960.40      0.50218    
    970.30      0.50856    
    980.20      0.51484    
    990.10      0.52105    
    1000.0      0.52718    
