 Pd Density=12.02 Thickness=1. microns
 Photon energy (eV), Transmission
    10.000      1.78363E-24
    19.900      0.00000    
    29.800      0.00000    
    39.700      0.00000    
    49.600      0.00000    
    59.500      0.00000    
    69.400      0.00000    
    79.300      4.29634E-39
    89.200      1.60075E-22
    99.100      6.23597E-13
    109.00      1.42272E-07
    118.90      2.08961E-04
    128.80      3.93159E-03
    138.70      6.38946E-03
    148.60      3.25480E-03
    158.50      1.50424E-03
    168.40      7.60216E-04
    178.30      5.74930E-04
    188.20      4.47877E-04
    198.10      3.61822E-04
    208.00      3.07603E-04
    217.90      2.94751E-04
    227.80      2.82910E-04
    237.70      3.03655E-04
    247.60      3.43562E-04
    257.50      4.04412E-04
    267.40      5.28201E-04
    277.30      7.23094E-04
    287.20      9.73481E-04
    297.10      1.26365E-03
    307.00      1.56103E-03
    316.90      1.63445E-03
    326.80      1.49675E-03
    336.70      1.13836E-03
    346.60      8.03432E-04
    356.50      1.72512E-04
    366.40      1.05353E-05
    376.30      2.30929E-07
    386.20      1.14439E-08
    396.10      1.16137E-09
    406.00      2.43942E-10
    415.90      1.12110E-10
    425.80      8.73145E-11
    435.70      7.03540E-11
    445.60      6.27606E-11
    455.50      5.60994E-11
    465.40      5.07335E-11
    475.30      5.22309E-11
    485.20      5.91778E-11
    495.10      6.68381E-11
    505.00      7.53350E-11
    514.90      8.66241E-11
    524.80      1.01039E-10
    534.70      1.17398E-10
    544.60      1.38275E-10
    554.50      1.87167E-10
    564.40      2.72496E-10
    574.30      3.91738E-10
    584.20      5.56425E-10
    594.10      8.28719E-10
    604.00      1.31618E-09
    613.90      2.09747E-09
    623.80      3.28340E-09
    633.70      5.05396E-09
    643.60      7.42832E-09
    653.50      1.05105E-08
    663.40      1.46652E-08
    673.30      2.05628E-08
    683.20      2.96367E-08
    693.10      4.36442E-08
    703.00      6.33816E-08
    712.90      9.08285E-08
    722.80      1.37926E-07
    732.70      2.11114E-07
    742.60      3.19537E-07
    752.50      4.75758E-07
    762.40      6.95519E-07
    772.30      9.85640E-07
    782.20      1.39123E-06
    792.10      1.96158E-06
    802.00      2.74779E-06
    811.90      3.80273E-06
    821.80      5.19860E-06
    831.70      7.02524E-06
    841.60      9.39343E-06
    851.50      1.24363E-05
    861.40      1.63132E-05
    871.30      2.12049E-05
    881.20      2.73203E-05
    891.10      3.48924E-05
    901.00      4.41965E-05
    910.90      5.55396E-05
    920.80      6.92659E-05
    930.70      8.59311E-05
    940.60      1.05922E-04
    950.50      1.29730E-04
    960.40      1.57915E-04
    970.30      1.91043E-04
    980.20      2.29732E-04
    990.10      2.74846E-04
    1000.0      3.27122E-04
