 Pt Density=21.45 Thickness=1. microns
 Photon energy (eV), Transmission
    10.000      0.00000    
    19.900      0.00000    
    29.800      0.00000    
    39.700      0.00000    
    49.600      2.74744E-38
    59.500      0.00000    
    69.400      3.52707E-42
    79.300      2.23393E-36
    89.200      3.56548E-27
    99.100      7.74079E-18
    109.00      1.88714E-12
    118.90      2.59526E-09
    128.80      2.78042E-08
    138.70      6.13246E-08
    148.60      2.05205E-08
    158.50      6.97632E-09
    168.40      1.02220E-09
    178.30      7.23174E-11
    188.20      5.55574E-12
    198.10      9.31636E-13
    208.00      3.06848E-13
    217.90      1.42172E-13
    227.80      2.73827E-14
    237.70      7.16237E-15
    247.60      3.79431E-15
    257.50      2.28350E-15
    267.40      1.75485E-15
    277.30      2.66499E-15
    287.20      2.65100E-15
    297.10      2.72255E-15
    307.00      2.18669E-15
    316.90      1.25945E-15
    326.80      1.12017E-15
    336.70      1.40711E-15
    346.60      1.44040E-15
    356.50      1.54603E-15
    366.40      2.38710E-15
    376.30      3.05395E-15
    386.20      4.61073E-15
    396.10      7.29896E-15
    406.00      1.41401E-14
    415.90      2.88944E-14
    425.80      4.64034E-14
    435.70      6.78716E-14
    445.60      1.09399E-13
    455.50      1.81318E-13
    465.40      2.81188E-13
    475.30      4.76247E-13
    485.20      9.99729E-13
    495.10      1.78858E-12
    505.00      2.77537E-12
    514.90      2.73877E-12
    524.80      1.45996E-12
    534.70      3.34046E-12
    544.60      6.82634E-12
    554.50      1.11082E-11
    564.40      2.82061E-11
    574.30      4.65067E-11
    584.20      7.35288E-11
    594.10      1.17021E-10
    604.00      1.74366E-10
    613.90      2.01895E-10
    623.80      3.19178E-10
    633.70      5.02733E-10
    643.60      7.63594E-10
    653.50      1.25686E-09
    663.40      1.89035E-09
    673.30      2.93592E-09
    683.20      4.43078E-09
    693.10      6.55316E-09
    703.00      9.25849E-09
    712.90      1.19613E-08
    722.80      1.50219E-08
    732.70      1.85707E-08
    742.60      2.46252E-08
    752.50      3.59224E-08
    762.40      4.99697E-08
    772.30      7.34809E-08
    782.20      1.09035E-07
    792.10      1.53866E-07
    802.00      2.14644E-07
    811.90      2.96138E-07
    821.80      4.04303E-07
    831.70      5.46457E-07
    841.60      7.35091E-07
    851.50      9.84306E-07
    861.40      1.30697E-06
    871.30      1.71994E-06
    881.20      2.24403E-06
    891.10      2.90392E-06
    901.00      3.72848E-06
    910.90      4.75093E-06
    920.80      6.01595E-06
    930.70      7.61789E-06
    940.60      9.60595E-06
    950.50      1.20293E-05
    960.40      1.49644E-05
    970.30      1.84971E-05
    980.20      2.27241E-05
    990.10      2.77523E-05
    1000.0      3.37011E-05
