 Pt Density=21.45 Thickness=0.1 microns
 Photon energy (eV), Transmission
    10.000      6.40232E-06
    19.900      7.37798E-09
    29.800      1.53719E-08
    39.700      1.21428E-05
    49.600      1.75345E-04
    59.500      5.98718E-06
    69.400      7.15711E-05
    79.300      2.72212E-04
    89.200      2.26575E-03
    99.100      1.94482E-02
    109.00      6.72327E-02
    118.90      0.13849    
    128.80      0.17555    
    138.70      0.19000    
    148.60      0.17030    
    158.50      0.15288    
    168.40      0.12617    
    178.30      9.68109E-02
    188.20      7.48987E-02
    198.10      6.26505E-02
    208.00      5.60651E-02
    217.90      5.19136E-02
    227.80      4.40299E-02
    237.70      3.85040E-02
    247.60      3.61338E-02
    257.50      3.43447E-02
    267.40      3.34521E-02
    277.30      3.48795E-02
    287.20      3.48611E-02
    297.10      3.49541E-02
    307.00      3.41963E-02
    316.90      3.23607E-02
    326.80      3.19837E-02
    336.70      3.27215E-02
    346.60      3.27981E-02
    356.50      3.30310E-02
    366.40      3.44974E-02
    376.30      3.53579E-02
    386.20      3.68449E-02
    396.10      3.85768E-02
    406.00      4.12141E-02
    415.90      4.42671E-02
    425.80      4.64146E-02
    435.70      4.82135E-02
    445.60      5.05710E-02
    455.50      5.31918E-02
    465.40      5.55776E-02
    475.30      5.85846E-02
    485.20      6.30940E-02
    495.10      6.68730E-02
    505.00      6.98766E-02
    514.90      6.97839E-02
    524.80      6.55291E-02
    534.70      7.11837E-02
    544.60      7.64573E-02
    554.50      8.02720E-02
    564.40      8.81118E-02
    574.30      9.26300E-02
    584.20      9.69719E-02
    594.10      0.10158    
    604.00      0.10572    
    613.90      0.10728    
    623.80      0.11231    
    633.70      0.11753    
    643.60      0.12254    
    653.50      0.12880    
    663.40      0.13417    
    673.30      0.14021    
    683.20      0.14610    
    693.10      0.15193    
    703.00      0.15727    
    712.90      0.16135    
    722.80      0.16507    
    732.70      0.16861    
    742.60      0.17344    
    752.50      0.18011    
    762.40      0.18615    
    772.30      0.19347    
    782.20      0.20126    
    792.10      0.20831    
    802.00      0.21536    
    811.90      0.22241    
    821.80      0.22944    
    831.70      0.23646    
    841.60      0.24358    
    851.50      0.25079    
    861.40      0.25800    
    871.30      0.26519    
    881.20      0.27233    
    891.10      0.27945    
    901.00      0.28652    
    910.90      0.29355    
    920.80      0.30056    
    930.70      0.30774    
    940.60      0.31496    
    950.50      0.32212    
    960.40      0.32923    
    970.30      0.33629    
    980.20      0.34328    
    990.10      0.35021    
    1000.0      0.35708    
