 Rh Density=12.41 Thickness=1. microns
 Photon energy (eV), Transmission
    10.000      1.25037E-26
    19.900      0.00000    
    29.800      0.00000    
    39.700      7.33033E-41
    49.600      0.00000    
    59.500      0.00000    
    69.400      0.00000    
    79.300      3.02995E-31
    89.200      7.84927E-16
    99.100      9.44034E-09
    109.00      3.23664E-05
    118.90      1.83616E-03
    128.80      3.99474E-03
    138.70      3.55639E-03
    148.60      2.36321E-03
    158.50      1.27094E-03
    168.40      7.05885E-04
    178.30      4.16220E-04
    188.20      3.65108E-04
    198.10      3.22642E-04
    208.00      3.06349E-04
    217.90      2.95693E-04
    227.80      2.98098E-04
    237.70      3.31798E-04
    247.60      4.15139E-04
    257.50      5.25426E-04
    267.40      6.65700E-04
    277.30      8.71967E-04
    287.20      1.07219E-03
    297.10      1.13298E-03
    307.00      1.00281E-03
    316.90      3.89236E-04
    326.80      2.54153E-05
    336.70      3.81465E-07
    346.60      8.19835E-09
    356.50      2.79080E-10
    366.40      3.16752E-11
    376.30      9.23493E-12
    386.20      4.96732E-12
    396.10      3.76003E-12
    406.00      2.62075E-12
    415.90      1.88615E-12
    425.80      1.71632E-12
    435.70      1.91895E-12
    445.60      2.51948E-12
    455.50      3.28558E-12
    465.40      4.29079E-12
    475.30      5.55752E-12
    485.20      7.02609E-12
    495.10      8.66673E-12
    505.00      1.06220E-11
    514.90      1.56341E-11
    524.80      2.69166E-11
    534.70      4.55844E-11
    544.60      7.63808E-11
    554.50      1.29148E-10
    564.40      2.14963E-10
    574.30      3.41366E-10
    584.20      5.12108E-10
    594.10      7.48170E-10
    604.00      1.07416E-09
    613.90      1.52389E-09
    623.80      2.14768E-09
    633.70      3.15933E-09
    643.60      5.08440E-09
    653.50      8.79940E-09
    663.40      1.54041E-08
    673.30      2.59948E-08
    683.20      4.18408E-08
    693.10      6.50054E-08
    703.00      9.91582E-08
    712.90      1.52423E-07
    722.80      2.33958E-07
    732.70      3.53529E-07
    742.60      5.25480E-07
    752.50      7.68946E-07
    762.40      1.10906E-06
    772.30      1.58022E-06
    782.20      2.23367E-06
    792.10      3.12792E-06
    802.00      4.33266E-06
    811.90      5.92885E-06
    821.80      8.01959E-06
    831.70      1.07277E-05
    841.60      1.42085E-05
    851.50      1.86488E-05
    861.40      2.42839E-05
    871.30      3.13562E-05
    881.20      4.01500E-05
    891.10      5.09726E-05
    901.00      6.41868E-05
    910.90      8.01987E-05
    920.80      9.94617E-05
    930.70      1.22900E-04
    940.60      1.50966E-04
    950.50      1.84325E-04
    960.40      2.23746E-04
    970.30      2.69948E-04
    980.20      3.23723E-04
    990.10      3.86082E-04
    1000.0      4.57982E-04
