 Rh Density=12.41 Thickness=0.1 microns
 Photon energy (eV), Transmission
    10.000      2.56864E-03
    19.900      2.85023E-08
    29.800      1.20815E-07
    39.700      9.69420E-05
    49.600      2.68113E-06
    59.500      3.18519E-07
    69.400      7.49294E-06
    79.300      8.87449E-04
    89.200      3.08662E-02
    99.100      0.15758    
    109.00      0.35564    
    118.90      0.53259    
    128.80      0.57564    
    138.70      0.56899    
    148.60      0.54620    
    158.50      0.51335    
    168.40      0.48403    
    178.30      0.45913    
    188.20      0.45315    
    198.10      0.44758    
    208.00      0.44527    
    217.90      0.44369    
    227.80      0.44405    
    237.70      0.44884    
    247.60      0.45901    
    257.50      0.46995    
    267.40      0.48120    
    277.30      0.49437    
    287.20      0.50469    
    297.10      0.50748    
    307.00      0.50133    
    316.90      0.45606    
    326.80      0.34714    
    336.70      0.22811    
    346.60      0.15537    
    356.50      0.11081    
    366.40      8.91399E-02
    376.30      7.88031E-02
    386.20      7.40649E-02
    396.10      7.20310E-02
    406.00      6.94773E-02
    415.90      6.72291E-02
    425.80      6.65978E-02
    435.70      6.73451E-02
    445.60      6.92040E-02
    455.50      7.10659E-02
    465.40      7.29884E-02
    475.30      7.49011E-02
    485.20      7.66781E-02
    495.10      7.83043E-02
    505.00      7.99136E-02
    514.90      8.30629E-02
    524.80      8.77005E-02
    534.70      9.24446E-02
    544.60      9.73416E-02
    554.50      0.10259    
    564.40      0.10795    
    574.30      0.11306    
    584.20      0.11774    
    594.10      0.12229    
    604.00      0.12680    
    613.90      0.13131    
    623.80      0.13589    
    633.70      0.14124    
    643.60      0.14812    
    653.50      0.15648    
    663.40      0.16549    
    673.30      0.17438    
    683.20      0.18288    
    693.10      0.19112    
    703.00      0.19936    
    712.90      0.20812    
    722.80      0.21723    
    732.70      0.22638    
    742.60      0.23554    
    752.50      0.24467    
    762.40      0.25380    
    772.30      0.26295    
    782.20      0.27221    
    792.10      0.28153    
    802.00      0.29085    
    811.90      0.30012    
    821.80      0.30933    
    831.70      0.31846    
    841.60      0.32753    
    851.50      0.33656    
    861.40      0.34557    
    871.30      0.35451    
    881.20      0.36339    
    891.10      0.37216    
    901.00      0.38084    
    910.90      0.38942    
    920.80      0.39789    
    930.70      0.40640    
    940.60      0.41485    
    950.50      0.42321    
    960.40      0.43149    
    970.30      0.43967    
    980.20      0.44773    
    990.10      0.45569    
    1000.0      0.46354    
