 Si Density=2.33 Thickness=1. microns
 Photon energy (eV), Transmission
    10.000      0.00000    
    19.900      2.19799E-08
    29.800      1.26718E-02
    39.700      2.17596E-02
    49.600      4.09039E-02
    59.500      5.77618E-02
    69.400      5.67697E-02
    79.300      0.15257    
    89.200      0.18427    
    99.100      0.16218    
    109.00      1.21343E-07
    118.90      6.43604E-11
    128.80      1.34335E-11
    138.70      1.20755E-10
    148.60      1.23512E-10
    158.50      2.74494E-10
    168.40      1.44009E-10
    178.30      7.56086E-09
    188.20      3.32360E-08
    198.10      1.27406E-07
    208.00      3.95637E-07
    217.90      1.03971E-06
    227.80      2.83430E-06
    237.70      7.35700E-06
    247.60      1.71767E-05
    257.50      3.88160E-05
    267.40      8.08316E-05
    277.30      1.55877E-04
    287.20      2.81264E-04
    297.10      4.79776E-04
    307.00      7.91889E-04
    316.90      1.25109E-03
    326.80      1.89516E-03
    336.70      2.76639E-03
    346.60      3.90776E-03
    356.50      5.36147E-03
    366.40      7.20934E-03
    376.30      9.74828E-03
    386.20      1.28878E-02
    396.10      1.66468E-02
    406.00      2.10590E-02
    415.90      2.61474E-02
    425.80      3.19244E-02
    435.70      3.83912E-02
    445.60      4.55403E-02
    455.50      5.33544E-02
    465.40      6.19382E-02
    475.30      7.14676E-02
    485.20      8.16355E-02
    495.10      9.23962E-02
    505.00      0.10370    
    514.90      0.11550    
    524.80      0.12774    
    534.70      0.14037    
    544.60      0.15333    
    554.50      0.16658    
    564.40      0.18007    
    574.30      0.19374    
    584.20      0.20775    
    594.10      0.22233    
    604.00      0.23719    
    613.90      0.25209    
    623.80      0.26699    
    633.70      0.28186    
    643.60      0.29666    
    653.50      0.31136    
    663.40      0.32594    
    673.30      0.34038    
    683.20      0.35464    
    693.10      0.36870    
    703.00      0.38200    
    712.90      0.39484    
    722.80      0.40744    
    732.70      0.41983    
    742.60      0.43200    
    752.50      0.44394    
    762.40      0.45565    
    772.30      0.46714    
    782.20      0.47839    
    792.10      0.48951    
    802.00      0.50062    
    811.90      0.51197    
    821.80      0.52306    
    831.70      0.53389    
    841.60      0.54447    
    851.50      0.55479    
    861.40      0.56487    
    871.30      0.57469    
    881.20      0.58428    
    891.10      0.59363    
    901.00      0.60302    
    910.90      0.61242    
    920.80      0.62182    
    930.70      0.63097    
    940.60      0.63987    
    950.50      0.64853    
    960.40      0.65695    
    970.30      0.66514    
    980.20      0.67311    
    990.10      0.68086    
    1000.0      0.68840    
