 Si3N4 Density=3.44 Thickness=1. microns
 Photon energy (eV), Transmission
    10.000      0.00000    
    19.900      1.40130E-45
    29.800      6.89259E-29
    39.700      8.18111E-18
    49.600      3.70272E-12
    59.500      3.01151E-09
    69.400      2.32843E-07
    79.300      1.12033E-05
    89.200      1.09596E-04
    99.100      4.46913E-04
    109.00      5.20015E-09
    118.90      1.52988E-11
    128.80      7.36537E-12
    138.70      8.74313E-11
    148.60      1.35620E-10
    158.50      3.85822E-10
    168.40      2.92816E-10
    178.30      1.26027E-08
    188.20      5.75230E-08
    198.10      2.24581E-07
    208.00      7.07620E-07
    217.90      1.88081E-06
    227.80      5.08322E-06
    237.70      1.29673E-05
    247.60      2.97340E-05
    257.50      6.55450E-05
    267.40      1.33212E-04
    277.30      2.51053E-04
    287.20      4.43284E-04
    297.10      7.40733E-04
    307.00      1.19673E-03
    316.90      1.85928E-03
    326.80      2.78032E-03
    336.70      4.00675E-03
    346.60      5.58890E-03
    356.50      7.57401E-03
    366.40      1.00556E-02
    376.30      1.33843E-02
    386.20      1.74292E-02
    396.10      2.21958E-02
    406.00      2.77081E-02
    415.90      6.66532E-04
    425.80      9.87801E-04
    435.70      1.42137E-03
    445.60      1.99138E-03
    455.50      2.72330E-03
    465.40      3.64995E-03
    475.30      4.81273E-03
    485.20      6.22698E-03
    495.10      7.91861E-03
    505.00      9.91192E-03
    514.90      1.22283E-02
    524.80      1.48867E-02
    534.70      1.79027E-02
    544.60      2.12886E-02
    554.50      2.50530E-02
    564.40      2.92501E-02
    574.30      3.39951E-02
    584.20      3.92647E-02
    594.10      4.50562E-02
    604.00      5.13289E-02
    613.90      5.80395E-02
    623.80      6.51742E-02
    633.70      7.27163E-02
    643.60      8.06467E-02
    653.50      8.89444E-02
    663.40      9.75869E-02
    673.30      0.10655    
    683.20      0.11581    
    693.10      0.12534    
    703.00      0.13494    
    712.90      0.14467    
    722.80      0.15458    
    732.70      0.16465    
    742.60      0.17486    
    752.50      0.18519    
    762.40      0.19563    
    772.30      0.20623    
    782.20      0.21703    
    792.10      0.22798    
    802.00      0.23908    
    811.90      0.25041    
    821.80      0.26175    
    831.70      0.27307    
    841.60      0.28435    
    851.50      0.29557    
    861.40      0.30670    
    871.30      0.31774    
    881.20      0.32869    
    891.10      0.33955    
    901.00      0.35047    
    910.90      0.36140    
    920.80      0.37236    
    930.70      0.38326    
    940.60      0.39405    
    950.50      0.40472    
    960.40      0.41527    
    970.30      0.42567    
    980.20      0.43593    
    990.10      0.44603    
    1000.0      0.45598    
