 SiO2 Density=2.3 Thickness=1. microns
 Photon energy (eV), Transmission
    10.000      3.46335E-38
    19.900      1.00240E-30
    29.800      1.92603E-23
    39.700      2.48334E-18
    49.600      9.13700E-14
    59.500      2.69907E-10
    69.400      3.67142E-08
    79.300      1.52993E-06
    89.200      1.69596E-05
    99.100      8.95924E-05
    109.00      6.52216E-07
    118.90      6.59781E-08
    128.80      7.96967E-08
    138.70      4.43875E-07
    148.60      7.78291E-07
    158.50      1.76117E-06
    168.40      1.89174E-06
    178.30      1.60018E-05
    188.20      4.34482E-05
    198.10      1.07407E-04
    208.00      2.29195E-04
    217.90      4.35334E-04
    227.80      8.14974E-04
    237.70      1.45328E-03
    247.60      2.38808E-03
    257.50      3.80389E-03
    267.40      5.77037E-03
    277.30      8.37144E-03
    287.20      1.16937E-02
    297.10      1.58071E-02
    307.00      2.09181E-02
    316.90      2.69869E-02
    326.80      3.39929E-02
    336.70      4.19258E-02
    346.60      5.07576E-02
    356.50      6.04456E-02
    366.40      7.11274E-02
    376.30      8.37149E-02
    386.20      9.73131E-02
    396.10      0.11174    
    406.00      0.12686    
    415.90      0.14258    
    425.80      0.15879    
    435.70      0.17540    
    445.60      0.19230    
    455.50      0.20942    
    465.40      0.22689    
    475.30      0.24493    
    485.20      0.26297    
    495.10      0.28096    
    505.00      0.29883    
    514.90      0.31654    
    524.80      0.33404    
    534.70      0.35129    
    544.60      3.12997E-02
    554.50      3.64054E-02
    564.40      4.19573E-02
    574.30      4.79119E-02
    584.20      5.42556E-02
    594.10      6.10465E-02
    604.00      6.82546E-02
    613.90      7.58461E-02
    623.80      8.38090E-02
    633.70      9.22164E-02
    643.60      0.10116    
    653.50      0.11063    
    663.40      0.12049    
    673.30      0.13044    
    683.20      0.14020    
    693.10      0.14984    
    703.00      0.15949    
    712.90      0.16961    
    722.80      0.18012    
    732.70      0.19077    
    742.60      0.20150    
    752.50      0.21232    
    762.40      0.22319    
    772.30      0.23416    
    782.20      0.24530    
    792.10      0.25658    
    802.00      0.26797    
    811.90      0.27946    
    821.80      0.29091    
    831.70      0.30230    
    841.60      0.31358    
    851.50      0.32467    
    861.40      0.33550    
    871.30      0.34615    
    881.20      0.35663    
    891.10      0.36700    
    901.00      0.37734    
    910.90      0.38763    
    920.80      0.39787    
    930.70      0.40827    
    940.60      0.41862    
    950.50      0.42889    
    960.40      0.43906    
    970.30      0.44910    
    980.20      0.45898    
    990.10      0.46870    
    1000.0      0.47826    
