 Sn Density=7.29 Thickness=1. microns
 Photon energy (eV), Transmission
    10.000      2.80260E-45
    19.900      3.95933E-04
    29.800      1.38093E-18
    39.700      4.08248E-19
    49.600      1.69506E-30
    59.500      1.18733E-38
    69.400      1.29655E-38
    79.300      1.52946E-36
    89.200      1.33817E-31
    99.100      5.30203E-26
    109.00      2.09280E-18
    118.90      2.72029E-12
    128.80      7.53255E-08
    138.70      3.02358E-05
    148.60      2.45377E-03
    158.50      2.58274E-02
    168.40      3.85994E-02
    178.30      2.99579E-02
    188.20      1.75227E-02
    198.10      1.24620E-02
    208.00      8.81799E-03
    217.90      6.91271E-03
    227.80      5.70036E-03
    237.70      4.70630E-03
    247.60      4.41788E-03
    257.50      4.47321E-03
    267.40      4.52699E-03
    277.30      4.66703E-03
    287.20      5.01371E-03
    297.10      5.39645E-03
    307.00      6.24436E-03
    316.90      7.32125E-03
    326.80      8.50132E-03
    336.70      1.00899E-02
    346.60      1.21357E-02
    356.50      1.44178E-02
    366.40      1.69386E-02
    376.30      1.98528E-02
    386.20      2.33946E-02
    396.10      2.72726E-02
    406.00      3.14827E-02
    415.90      3.53796E-02
    425.80      3.90418E-02
    435.70      4.28654E-02
    445.60      4.59434E-02
    455.50      4.76329E-02
    465.40      4.65845E-02
    475.30      4.32332E-02
    485.20      4.92184E-02
    495.10      1.67799E-02
    505.00      4.02659E-03
    514.90      6.12989E-04
    524.80      6.05008E-05
    534.70      2.16457E-05
    544.60      1.15406E-05
    554.50      9.42973E-06
    564.40      8.02469E-06
    574.30      8.13824E-06
    584.20      9.38271E-06
    594.10      1.07734E-05
    604.00      1.27136E-05
    613.90      1.61249E-05
    623.80      2.09980E-05
    633.70      2.70624E-05
    643.60      3.43126E-05
    653.50      4.24893E-05
    663.40      5.17714E-05
    673.30      6.26591E-05
    683.20      7.63405E-05
    693.10      9.62853E-05
    703.00      1.23644E-04
    712.90      1.11285E-04
    722.80      8.50569E-05
    732.70      6.37484E-05
    742.60      5.27945E-05
    752.50      5.14144E-05
    762.40      5.78166E-05
    772.30      6.48297E-05
    782.20      7.64824E-05
    792.10      9.12463E-05
    802.00      1.08884E-04
    811.90      1.29223E-04
    821.80      1.52562E-04
    831.70      1.81224E-04
    841.60      2.15790E-04
    851.50      2.57009E-04
    861.40      3.04405E-04
    871.30      3.58617E-04
    881.20      4.20323E-04
    891.10      4.90237E-04
    901.00      5.60526E-04
    910.90      6.34953E-04
    920.80      7.15528E-04
    930.70      8.03778E-04
    940.60      9.00142E-04
    950.50      1.00506E-03
    960.40      1.11904E-03
    970.30      1.27135E-03
    980.20      1.55711E-03
    990.10      1.94598E-03
    1000.0      2.43836E-03
