 Sn Density=7.29 Thickness=0.3 microns
 Photon energy (eV), Transmission
    10.000      4.19429E-14
    19.900      9.53425E-02
    29.800      4.38582E-06
    39.700      3.04283E-06
    49.600      1.17154E-09
    59.500      4.19151E-12
    69.400      4.30364E-12
    79.300      1.80037E-11
    89.200      5.46957E-10
    99.100      2.61416E-08
    109.00      4.96842E-06
    118.90      3.39144E-04
    128.80      7.29596E-03
    138.70      4.40714E-02
    148.60      0.16480    
    158.50      0.33391    
    168.40      0.37668    
    178.30      0.34910    
    188.20      0.29722    
    198.10      0.26833    
    208.00      0.24189    
    217.90      0.22485    
    227.80      0.21221    
    237.70      0.20036    
    247.60      0.19659    
    257.50      0.19733    
    267.40      0.19804    
    277.30      0.19985    
    287.20      0.20420    
    297.10      0.20875    
    307.00      0.21810    
    316.90      0.22876    
    326.80      0.23925    
    336.70      0.25186    
    346.60      0.26621    
    356.50      0.28033    
    366.40      0.29421    
    376.30      0.30856    
    386.20      0.32414    
    396.10      0.33940    
    406.00      0.35434    
    415.90      0.36697    
    425.80      0.37797    
    435.70      0.38872    
    445.60      0.39689    
    455.50      0.40121    
    465.40      0.39854    
    475.30      0.38971    
    485.20      0.40517    
    495.10      0.29338    
    505.00      0.19120    
    514.90      0.10870    
    524.80      5.42661E-02
    534.70      3.98668E-02
    544.60      3.30117E-02
    554.50      3.10706E-02
    564.40      2.96025E-02
    574.30      2.97276E-02
    584.20      3.10240E-02
    594.10      3.23374E-02
    604.00      3.39845E-02
    613.90      3.64964E-02
    623.80      3.95051E-02
    633.70      4.26295E-02
    643.60      4.57758E-02
    653.50      4.88072E-02
    663.40      5.17877E-02
    673.30      5.48397E-02
    683.20      5.81871E-02
    693.10      6.23833E-02
    703.00      6.72438E-02
    712.90      6.51526E-02
    722.80      6.01053E-02
    732.70      5.51240E-02
    742.60      5.20927E-02
    752.50      5.16803E-02
    762.40      5.35323E-02
    772.30      5.54029E-02
    782.20      5.82195E-02
    792.10      6.13853E-02
    802.00      6.47276E-02
    811.90      6.81400E-02
    821.80      7.16199E-02
    831.70      7.54163E-02
    841.60      7.94712E-02
    851.50      8.37500E-02
    861.40      8.81121E-02
    871.30      9.25527E-02
    881.20      9.70677E-02
    891.10      0.10165    
    901.00      0.10582    
    910.90      0.10986    
    920.80      0.11386    
    930.70      0.11791    
    940.60      0.12198    
    950.50      0.12608    
    960.40      0.13021    
    970.30      0.13529    
    980.20      0.14378    
    990.10      0.15372    
    1000.0      0.16449    
