 Ta Density=16.6 Thickness=1. microns
 Photon energy (eV), Transmission
    10.000      0.00000    
    19.900      0.00000    
    29.800      3.42997E-16
    39.700      0.00000    
    49.600      0.00000    
    59.500      3.10838E-32
    69.400      1.65114E-19
    79.300      1.92981E-15
    89.200      1.34171E-14
    99.100      1.45978E-14
    109.00      2.19330E-15
    118.90      3.37037E-16
    128.80      7.72377E-17
    138.70      7.72354E-17
    148.60      7.72321E-17
    158.50      6.78256E-17
    168.40      9.79129E-17
    178.30      1.52135E-16
    188.20      2.15926E-16
    198.10      3.30735E-16
    208.00      5.58283E-16
    217.90      1.14086E-15
    227.80      2.22800E-15
    237.70      1.65188E-15
    247.60      1.39254E-15
    257.50      1.88914E-15
    267.40      3.34675E-15
    277.30      6.41219E-15
    287.20      1.18646E-14
    297.10      2.12635E-14
    307.00      4.59000E-14
    316.90      1.13352E-13
    326.80      2.65410E-13
    336.70      5.83603E-13
    346.60      1.21008E-12
    356.50      2.41415E-12
    366.40      4.58828E-12
    376.30      7.66863E-12
    386.20      1.25002E-11
    396.10      1.69106E-11
    406.00      1.39532E-11
    415.90      2.70827E-11
    425.80      5.56045E-11
    435.70      1.10000E-10
    445.60      2.10253E-10
    455.50      3.89242E-10
    465.40      6.99534E-10
    475.30      1.19676E-09
    485.20      1.92788E-09
    495.10      3.04300E-09
    505.00      4.71228E-09
    514.90      7.16756E-09
    524.80      1.10202E-08
    534.70      1.74711E-08
    544.60      2.72037E-08
    554.50      4.15756E-08
    564.40      6.24328E-08
    574.30      8.68547E-08
    584.20      1.15729E-07
    594.10      1.75328E-07
    604.00      2.61037E-07
    613.90      3.82333E-07
    623.80      5.51419E-07
    633.70      7.88188E-07
    643.60      1.11889E-06
    653.50      1.58401E-06
    663.40      2.21552E-06
    673.30      3.04300E-06
    683.20      4.05241E-06
    693.10      5.30191E-06
    703.00      6.87752E-06
    712.90      8.99766E-06
    722.80      1.18383E-05
    732.70      1.54202E-05
    742.60      1.98949E-05
    752.50      2.54363E-05
    762.40      3.22495E-05
    772.30      4.05869E-05
    782.20      5.07882E-05
    792.10      6.32610E-05
    802.00      7.82384E-05
    811.90      9.60769E-05
    821.80      1.17174E-04
    831.70      1.41970E-04
    841.60      1.71050E-04
    851.50      2.04998E-04
    861.40      2.44582E-04
    871.30      2.90623E-04
    881.20      3.43491E-04
    891.10      4.03882E-04
    901.00      4.72503E-04
    910.90      5.50133E-04
    920.80      6.37732E-04
    930.70      7.38743E-04
    940.60      8.53146E-04
    950.50      9.82260E-04
    960.40      1.12728E-03
    970.30      1.28842E-03
    980.20      1.46684E-03
    990.10      1.66372E-03
    1000.0      1.88106E-03
