 MoSi2 Density=6.31
 Wavelength (nm), Delta, Beta
  1.  0.000683359802  0.000117292337
  1.0186156  0.00070962077  0.000124765618
  1.03757763  0.000736819755  0.000132715199
  1.05689275  0.000764972239  0.000141168959
  1.07656729  0.000794118678  0.000150161999
  1.09660828  0.000824287592  0.00015972968
  1.11702216  0.000855516118  0.000169906925
  1.13781619  0.000887868984  0.000180771385
  1.15899718  0.000921279774  0.000192417487
  1.18057263  0.000955744938  0.000204836615
  1.20254958  0.000991254696  0.000218061439
  1.22493577  0.0010276885  0.000232142818
  1.2477386  0.00106497912  0.000246306619
  1.27096593  0.00110497116  0.000260440342
  1.29462564  0.00114725251  0.00027711966
  1.31872582  0.00118967879  0.000296004087
  1.34327459  0.0012317627  0.000317102793
  1.36828041  0.00127622485  0.000336463505
  1.39375162  0.00132136431  0.00035647169
  1.41969705  0.00136969564  0.000379459147
  1.44612551  0.00141789601  0.000405380473
  1.47304595  0.00146293361  0.000431570283
  1.50046754  0.00151296274  0.000457926159
  1.52839947  0.00156426535  0.000483710202
  1.55685151  0.00161891198  0.000511841907
  1.58583319  0.00168044074  0.000544215902
  1.6153543  0.00173492788  0.000581239467
  1.64542496  0.00178937544  0.000617372163
  1.67605543  0.00184694713  0.000651107635
  1.7072562  0.00190427585  0.000688309898
  1.73903763  0.00197581621  0.00073031272
  1.77141082  0.00203850004  0.000776783796
  1.80438662  0.00209514494  0.00082205236
  1.83797622  0.00215773168  0.000865397218
  1.87219119  0.00222743489  0.000912338903
  1.90704298  0.0022971346  0.000962418562
  1.94254363  0.00236723619  0.00101476978
  1.97870517  0.00244101533  0.00106983294
  2.01553988  0.00251870812  0.00113290735
  2.05306029  0.00258169626  0.00119953824
  2.09127903  0.00264346623  0.00125316926
  2.13020945  0.00274829054  0.00129253312
  2.16986442  0.00280386605  0.00140357367
  2.21025753  0.00289244857  0.00144727784
  2.25140262  0.00299300603  0.00152815843
  2.29331374  0.00307806348  0.00163693551
  2.33600497  0.0031415082  0.00176865561
  2.37949109  0.00320187886  0.00185050024
  2.42378664  0.00324193249  0.00189198891
  2.46890664  0.00332405325  0.00195482606
  2.51486683  0.00343802036  0.00200359314
  2.56168246  0.00352921779  0.00210648798
  2.60936952  0.00366444769  0.00220624288
  2.65794444  0.00377218728  0.0023295451
  2.70742345  0.00387663022  0.00248604454
  2.75782347  0.00395428622  0.00267413002
  2.8091619  0.0039502033  0.00277037174
  2.86145616  0.00404455047  0.00281890365
  2.91472363  0.00418342697  0.00292759761
  2.9689827  0.00431783823  0.0030503876
  3.02425194  0.00422089593  0.00334180379
  3.08055019  0.00434845826  0.00340223382
  3.1378963  0.00451673521  0.00411168812
  3.1963098  0.00421718881  0.00354051683
  3.25581098  0.00438093301  0.00360825355
  3.3164196  0.00456673466  0.00369451032
  3.37815666  0.00471590227  0.00385887478
  3.4410429  0.00483440794  0.0040063099
  3.50509977  0.0049185236  0.00417433074
  3.57034898  0.005020604  0.00431679981
  3.63681293  0.00512113934  0.00448972406
  3.70451427  0.00519520231  0.00464144535
  3.77347589  0.00530524552  0.00482227141
  3.84372115  0.00537194312  0.00504851807
  3.91527414  0.00535844825  0.00521412119
  3.98815918  0.00535032293  0.00534467632
  4.06240082  0.00539349252  0.00539609743
  4.13802481  0.0054630246  0.0054772771
  4.21505642  0.00556746405  0.00558567792
  4.29352188  0.00566568458  0.00572353648
  4.3734479  0.00574731408  0.00586980209
  4.45486212  0.0057719755  0.00605276553
  4.53779173  0.00568765216  0.00612378353
  4.62226534  0.00562959677  0.00608687522
  4.70831108  0.00564668514  0.00588189112
  4.795959  0.00591422152  0.00562484469
  4.88523865  0.00635489449  0.00549966609
  4.97618008  0.00682638586  0.00557351159
  5.06881428  0.00721746031  0.00575374765
  5.16317272  0.0075669894  0.00580876693
  5.25928831  0.00804599747  0.00597164733
  5.35719252  0.00843734015  0.00622243807
  5.45691967  0.00881772395  0.00643342407
  5.55850315  0.0092490688  0.00673928531
  5.66197777  0.0096089961  0.00705552474
  5.76737881  0.00996442046  0.00736831455
  5.87474155  0.010321158  0.00768794864
  5.9841032  0.0106877461  0.00802897569
  6.09550047  0.0110513913  0.00838572718
  6.2089715  0.0114146946  0.00876892731
  6.32455492  0.0117858956  0.00917575695
  6.44228983  0.0121454746  0.00960760005
  6.56221676  0.0124837058  0.0100523327
  6.68437576  0.0128756445  0.0104642268
  6.80880928  0.0132725416  0.0109417457
  6.9355588  0.0137481745  0.0114098564
  7.06466818  0.0143669574  0.0122633148
  7.19618082  0.0145114232  0.0134620443
  7.33014154  0.0140750892  0.0144463889
  7.46659613  0.0137204407  0.0147787509
  7.60559082  0.0134399347  0.0150203137
  7.74717331  0.0135112302  0.0149632376
  7.8913908  0.0137923351  0.0150397625
  8.03829384  0.014556515  0.0155614214
  8.18793106  0.0140229119  0.0164505597
  8.34035397  0.0143385148  0.0166076925
  8.49561405  0.0143580204  0.0168620758
  8.65376377  0.0146648418  0.0169532616
  8.81485844  0.0150766158  0.0174832866
  8.97895241  0.01561761  0.0178733319
  9.14610004  0.0161901489  0.0190680586
  9.31635952  0.0155952657  0.0206339955
  9.48978901  0.0146271596  0.0208615828
  9.66644669  0.0142322229  0.0208154432
  9.84639263  0.0140370596  0.0209355094
  10.0296888  0.0137373172  0.021217037
  10.2163973  0.0130070969  0.0213851351
  10.4065809  0.012362943  0.0212379154
  10.6003046  0.0112011237  0.0203399099
  10.7976351  0.0112391785  0.0186153241
  10.9986391  0.0119287632  0.0177671742
  11.2033844  0.0121789761  0.0168142077
  11.4119415  0.0128969802  0.0162191577
  11.6243811  0.0127183152  0.0149663929
  11.8407755  0.0148859741  0.0122567397
  12.0611982  0.0175389219  0.0141242845
  12.2857237  0.0110454122  0.0192743149
  12.5144291  0.0142494524  0.0037892214
  12.7473927  0.0202704947  0.00384433754
  12.9846916  0.0240933225  0.00395499496
  13.226409  0.02732905  0.00411292305
  13.4726257  0.030341981  0.00430456875
  13.7234259  0.0332658105  0.00452968944
  13.9788952  0.0361729972  0.00481599104
  14.2391195  0.0391241759  0.00512161199
  14.5041885  0.0421974473  0.00546577526
  14.7741919  0.045352146  0.00600253139
  15.049222  0.0487076752  0.0066319746
  15.3293715  0.0521446094  0.00742748752
  15.6147356  0.055755835  0.00842895452
  15.9054127  0.0594193079  0.00977173448
  16.2014999  0.0630414039  0.011342016
  16.5031013  0.0664910823  0.0130384816
  16.8103142  0.0701530725  0.014728073
  17.1232471  0.0739742517  0.0164363198
  17.4420071  0.0782626569  0.0184640326
  17.7666988  0.0822043419  0.0211175717
  18.097435  0.0868500322  0.0242909789
  18.43433  0.0906194821  0.0280948151
  18.7774944  0.0939590856  0.0319345258
  19.1270485  0.0986368209  0.0354159996
  19.4831085  0.100893304  0.0397898667
  19.8457966  0.103559211  0.0448131822
  20.2152367  0.107911974  0.0474109128
  20.5915546  0.110217787  0.0534088686
  20.9748783  0.113803506  0.0597702339
  21.3653374  0.115421489  0.0665652826
  21.7630634  0.116075553  0.0723528862
  22.1681957  0.116403356  0.0776887536
  22.5808678  0.116681419  0.0834297612
  23.0012245  0.116335429  0.088644214
  23.4294033  0.115115799  0.0939700007
  23.8655548  0.113233805  0.0982408226
  24.3098259  0.111718744  0.100754544
  24.7623653  0.110875808  0.103332907
  25.2233315  0.110577568  0.106098399
  25.6928768  0.110290237  0.10933207
  26.1711636  0.109450541  0.112717807
  26.6583538  0.10767474  0.116110459
  27.1546135  0.10536547  0.118821375
  27.6601124  0.102676593  0.120808594
  28.1750202  0.0991811454  0.122831598
  28.6995144  0.0927847326  0.12380705
  29.2337704  0.0866900012  0.118538156
  29.7779732  0.0833961368  0.112318136
  30.3323059  0.0818458349  0.103909299
  30.8969593  0.0827691704  0.0928785875
  31.4721222  0.0880253613  0.0790459141
  32.0579948  0.0999473557  0.0699925125
  32.6547699  0.111856572  0.0657426491
  33.2626572  0.123137996  0.0623479672
  33.8818588  0.134450808  0.0591998957
  34.5125885  0.146919683  0.0569279864
  35.1550598  0.159413204  0.0561621673
  35.8094902  0.171649814  0.0556086414
  36.4761009  0.18437928  0.0550776199
  37.1551247  0.198283806  0.0549486428
  37.8467865  0.21259132  0.0557000078
  38.5513268  0.227833629  0.0566794984
  39.2689819  0.244280457  0.0589252897
  39.9999962  0.260917485  0.0623418577
