 Ti Density=4.5 Thickness=1. microns
 Photon energy (eV), Transmission
    10.000      8.78515E-27
    19.900      2.17844E-20
    29.800      1.77397E-08
    39.700      0.00000    
    49.600      0.00000    
    59.500      3.32874E-16
    69.400      3.48803E-08
    79.300      9.53732E-07
    89.200      1.67254E-06
    99.100      4.18086E-06
    109.00      9.77753E-06
    118.90      2.06977E-05
    128.80      3.31535E-05
    138.70      4.75015E-05
    148.60      8.17675E-05
    158.50      1.32660E-04
    168.40      2.26506E-04
    178.30      4.02950E-04
    188.20      6.58232E-04
    198.10      1.01281E-03
    208.00      1.68943E-03
    217.90      2.69098E-03
    227.80      4.33324E-03
    237.70      6.53494E-03
    247.60      8.99092E-03
    257.50      1.20125E-02
    267.40      1.59932E-02
    277.30      2.07648E-02
    287.20      2.63711E-02
    297.10      3.27636E-02
    307.00      3.99270E-02
    316.90      4.79113E-02
    326.80      5.66402E-02
    336.70      6.60408E-02
    346.60      7.60587E-02
    356.50      8.75227E-02
    366.40      0.10169    
    376.30      0.11679    
    386.20      0.13221    
    396.10      0.14543    
    406.00      0.15901    
    415.90      0.17290    
    425.80      0.18694    
    435.70      0.20109    
    445.60      0.21529    
    455.50      1.33252E-06
    465.40      2.46137E-06
    475.30      4.36870E-06
    485.20      7.47624E-06
    495.10      1.23723E-05
    505.00      1.98495E-05
    514.90      3.09583E-05
    524.80      4.70478E-05
    534.70      6.97693E-05
    544.60      1.01160E-04
    554.50      1.33455E-04
    564.40      1.30430E-04
    574.30      1.15742E-04
    584.20      1.17828E-04
    594.10      1.51460E-04
    604.00      2.07510E-04
    613.90      2.79753E-04
    623.80      3.71608E-04
    633.70      4.88216E-04
    643.60      6.36479E-04
    653.50      8.23102E-04
    663.40      1.05321E-03
    673.30      1.32465E-03
    683.20      1.63007E-03
    693.10      1.97348E-03
    703.00      2.36835E-03
    712.90      2.85399E-03
    722.80      3.43624E-03
    732.70      4.10598E-03
    742.60      4.86790E-03
    752.50      5.72876E-03
    762.40      6.69522E-03
    772.30      7.77517E-03
    782.20      8.98139E-03
    792.10      1.03192E-02
    802.00      1.17920E-02
    811.90      1.34016E-02
    821.80      1.51525E-02
    831.70      1.70485E-02
    841.60      1.90943E-02
    851.50      2.12945E-02
    861.40      2.36544E-02
    871.30      2.61736E-02
    881.20      2.88528E-02
    891.10      3.16911E-02
    901.00      3.46874E-02
    910.90      3.78412E-02
    920.80      4.11511E-02
    930.70      4.46686E-02
    940.60      4.83628E-02
    950.50      5.22264E-02
    960.40      5.62578E-02
    970.30      6.04464E-02
    980.20      6.47850E-02
    990.10      6.92681E-02
    1000.0      7.38919E-02
