 Ti Density=4.5 Thickness=0.5 microns
 Photon energy (eV), Transmission
    10.000      9.37291E-14
    19.900      1.47595E-10
    29.800      1.33191E-04
    39.700      2.75682E-25
    49.600      8.87544E-32
    59.500      1.82448E-08
    69.400      1.86763E-04
    79.300      9.76592E-04
    89.200      1.29327E-03
    99.100      2.04472E-03
    109.00      3.12690E-03
    118.90      4.54947E-03
    128.80      5.75791E-03
    138.70      6.89213E-03
    148.60      9.04254E-03
    158.50      1.15178E-02
    168.40      1.50501E-02
    178.30      2.00736E-02
    188.20      2.56560E-02
    198.10      3.18247E-02
    208.00      4.11027E-02
    217.90      5.18747E-02
    227.80      6.58274E-02
    237.70      8.08390E-02
    247.60      9.48205E-02
    257.50      0.10960    
    267.40      0.12646    
    277.30      0.14410    
    287.20      0.16239    
    297.10      0.18101    
    307.00      0.19982    
    316.90      0.21889    
    326.80      0.23799    
    336.70      0.25698    
    346.60      0.27579    
    356.50      0.29584    
    366.40      0.31888    
    376.30      0.34174    
    386.20      0.36361    
    396.10      0.38136    
    406.00      0.39876    
    415.90      0.41581    
    425.80      0.43237    
    435.70      0.44843    
    445.60      0.46399    
    455.50      1.15435E-03
    465.40      1.56888E-03
    475.30      2.09014E-03
    485.20      2.73427E-03
    495.10      3.51742E-03
    505.00      4.45528E-03
    514.90      5.56402E-03
    524.80      6.85914E-03
    534.70      8.35280E-03
    544.60      1.00578E-02
    554.50      1.15523E-02
    564.40      1.14206E-02
    574.30      1.07584E-02
    584.20      1.08549E-02
    594.10      1.23069E-02
    604.00      1.44052E-02
    613.90      1.67258E-02
    623.80      1.92771E-02
    633.70      2.20956E-02
    643.60      2.52285E-02
    653.50      2.86898E-02
    663.40      3.24533E-02
    673.30      3.63958E-02
    683.20      4.03741E-02
    693.10      4.44238E-02
    703.00      4.86657E-02
    712.90      5.34227E-02
    722.80      5.86195E-02
    732.70      6.40779E-02
    742.60      6.97703E-02
    752.50      7.56886E-02
    762.40      8.18243E-02
    772.30      8.81769E-02
    782.20      9.47702E-02
    792.10      0.10158    
    802.00      0.10859    
    811.90      0.11577    
    821.80      0.12310    
    831.70      0.13057    
    841.60      0.13818    
    851.50      0.14593    
    861.40      0.15380    
    871.30      0.16178    
    881.20      0.16986    
    891.10      0.17802    
    901.00      0.18625    
    910.90      0.19453    
    920.80      0.20286    
    930.70      0.21135    
    940.60      0.21992    
    950.50      0.22853    
    960.40      0.23719    
    970.30      0.24586    
    980.20      0.25453    
    990.10      0.26319    
    1000.0      0.27183    
