 TiO Density=4.3 Thickness=1. microns
 Photon energy (eV), Transmission
    10.000      4.85464E-28
    19.900      4.40822E-38
    29.800      1.74688E-25
    39.700      0.00000    
    49.600      0.00000    
    59.500      1.00623E-19
    69.400      4.22722E-12
    79.300      8.04258E-10
    89.200      9.23870E-09
    99.100      8.10540E-08
    109.00      6.00785E-07
    118.90      2.92445E-06
    128.80      9.13766E-06
    138.70      2.19573E-05
    148.60      5.26020E-05
    158.50      1.10325E-04
    168.40      2.23905E-04
    178.30      4.43312E-04
    188.20      8.31597E-04
    198.10      1.45481E-03
    208.00      2.58074E-03
    217.90      4.27843E-03
    227.80      6.95373E-03
    237.70      1.05396E-02
    247.60      1.45320E-02
    257.50      1.93450E-02
    267.40      2.54375E-02
    277.30      3.25886E-02
    287.20      4.08357E-02
    297.10      5.00678E-02
    307.00      6.02213E-02
    316.90      7.13088E-02
    326.80      8.32077E-02
    336.70      9.58025E-02
    346.60      0.10900    
    356.50      0.12362    
    366.40      0.14083    
    376.30      0.15879    
    386.20      0.17689    
    396.10      0.19277    
    406.00      0.20885    
    415.90      0.22509    
    425.80      0.24133    
    435.70      0.25750    
    445.60      0.27355    
    455.50      5.14771E-05
    465.40      8.06837E-05
    475.30      1.22810E-04
    485.20      1.81991E-04
    495.10      2.63131E-04
    505.00      3.71889E-04
    514.90      5.14818E-04
    524.80      6.99238E-04
    534.70      9.32816E-04
    544.60      1.40047E-04
    554.50      1.88606E-04
    564.40      2.03665E-04
    574.30      2.03959E-04
    584.20      2.24022E-04
    594.10      2.89385E-04
    604.00      3.89611E-04
    613.90      5.16521E-04
    623.80      6.75163E-04
    633.70      8.73487E-04
    643.60      1.12223E-03
    653.50      1.43121E-03
    663.40      1.80688E-03
    673.30      2.24344E-03
    683.20      2.72746E-03
    693.10      3.26418E-03
    703.00      3.87339E-03
    712.90      4.61089E-03
    722.80      5.48228E-03
    732.70      6.47131E-03
    742.60      7.58248E-03
    752.50      8.82303E-03
    762.40      1.02000E-02
    772.30      1.17229E-02
    782.20      1.34107E-02
    792.10      1.52676E-02
    802.00      1.72942E-02
    811.90      1.94884E-02
    821.80      2.18539E-02
    831.70      2.43927E-02
    841.60      2.71040E-02
    851.50      2.99862E-02
    861.40      3.30350E-02
    871.30      3.62528E-02
    881.20      3.96399E-02
    891.10      4.31987E-02
    901.00      4.69262E-02
    910.90      5.08198E-02
    920.80      5.48763E-02
    930.70      5.91801E-02
    940.60      6.36772E-02
    950.50      6.83554E-02
    960.40      7.32117E-02
    970.30      7.82287E-02
    980.20      8.33949E-02
    990.10      8.87024E-02
    1000.0      9.41459E-02
