 V Density=6.11 Thickness=1. microns
 Photon energy (eV), Transmission
    10.000      4.63200E-24
    19.900      7.04738E-36
    29.800      3.37830E-14
    39.700      2.84668E-18
    49.600      7.07198E-35
    59.500      5.49233E-25
    69.400      7.80106E-17
    79.300      9.29741E-13
    89.200      4.14470E-11
    99.100      2.71217E-10
    109.00      1.19822E-09
    118.90      3.46976E-09
    128.80      1.48752E-08
    138.70      5.57853E-08
    148.60      1.77482E-07
    158.50      4.87284E-07
    168.40      1.26103E-06
    178.30      3.41623E-06
    188.20      8.19809E-06
    198.10      1.89765E-05
    208.00      4.31876E-05
    217.90      8.92691E-05
    227.80      1.70107E-04
    237.70      3.02455E-04
    247.60      5.26645E-04
    257.50      8.73999E-04
    267.40      1.37803E-03
    277.30      2.07829E-03
    287.20      3.01524E-03
    297.10      4.31573E-03
    307.00      6.08841E-03
    316.90      8.32154E-03
    326.80      1.10609E-02
    336.70      1.43439E-02
    346.60      1.81982E-02
    356.50      2.27059E-02
    366.40      2.80489E-02
    376.30      3.40909E-02
    386.20      4.08052E-02
    396.10      4.81737E-02
    406.00      5.61724E-02
    415.90      6.49738E-02
    425.80      7.51518E-02
    435.70      8.60230E-02
    445.60      9.75000E-02
    455.50      0.10936    
    465.40      0.12030    
    475.30      0.13155    
    485.20      0.14302    
    495.10      0.15407    
    505.00      0.16523    
    514.90      1.93513E-07
    524.80      3.66598E-07
    534.70      6.68732E-07
    544.60      1.17838E-06
    554.50      2.01833E-06
    564.40      3.36683E-06
    574.30      4.96306E-06
    584.20      6.28989E-06
    594.10      7.58459E-06
    604.00      8.96674E-06
    613.90      1.05473E-05
    623.80      1.23936E-05
    633.70      1.51907E-05
    643.60      2.02267E-05
    653.50      2.88006E-05
    663.40      4.15500E-05
    673.30      5.84091E-05
    683.20      7.95019E-05
    693.10      1.05587E-04
    703.00      1.38255E-04
    712.90      1.80969E-04
    722.80      2.35837E-04
    732.70      3.04043E-04
    742.60      3.87745E-04
    752.50      4.89433E-04
    762.40      6.11815E-04
    772.30      7.58005E-04
    782.20      9.33243E-04
    792.10      1.14115E-03
    802.00      1.38505E-03
    811.90      1.66796E-03
    821.80      1.99358E-03
    831.70      2.36601E-03
    841.60      2.78996E-03
    851.50      3.27030E-03
    861.40      3.81232E-03
    871.30      4.41973E-03
    881.20      5.09659E-03
    891.10      5.84634E-03
    901.00      6.67273E-03
    910.90      7.57952E-03
    920.80      8.57033E-03
    930.70      9.66581E-03
    940.60      1.08611E-02
    950.50      1.21586E-02
    960.40      1.35623E-02
    970.30      1.50726E-02
    980.20      1.66903E-02
    990.10      1.84179E-02
    1000.0      2.02570E-02
