 W Density=19.3 Thickness=1. microns
 Photon energy (eV), Transmission
    10.000      1.14639E-37
    19.900      0.00000    
    29.800      3.31426E-28
    39.700      1.41699E-41
    49.600      0.00000    
    59.500      0.00000    
    69.400      4.38405E-30
    79.300      6.34230E-19
    89.200      1.81195E-14
    99.100      3.52026E-14
    109.00      1.35610E-14
    118.90      3.50030E-15
    128.80      9.23516E-16
    138.70      3.37610E-16
    148.60      1.32168E-16
    158.50      6.74585E-17
    168.40      4.72154E-17
    178.30      4.73427E-17
    188.20      5.77763E-17
    198.10      6.05282E-17
    208.00      6.58935E-17
    217.90      7.75371E-17
    227.80      9.05335E-17
    237.70      1.04940E-16
    247.60      1.20852E-16
    257.50      1.38315E-16
    267.40      1.57445E-16
    277.30      3.67815E-16
    287.20      8.84317E-16
    297.10      2.02181E-15
    307.00      4.56729E-15
    316.90      1.03734E-14
    326.80      2.25307E-14
    336.70      4.70452E-14
    346.60      9.66889E-14
    356.50      1.92664E-13
    366.40      3.70105E-13
    376.30      6.27258E-13
    386.20      9.96095E-13
    396.10      1.55199E-12
    406.00      2.37527E-12
    415.90      3.55395E-12
    425.80      5.12268E-12
    435.70      7.27677E-12
    445.60      1.02070E-11
    455.50      1.57100E-11
    465.40      2.75909E-11
    475.30      4.90182E-11
    485.20      8.49866E-11
    495.10      1.43869E-10
    505.00      2.38110E-10
    514.90      3.87695E-10
    524.80      6.30764E-10
    534.70      1.04990E-09
    544.60      1.75450E-09
    554.50      2.87345E-09
    564.40      4.63882E-09
    574.30      7.02972E-09
    584.20      9.84357E-09
    594.10      1.33596E-08
    604.00      1.78344E-08
    613.90      2.35925E-08
    623.80      3.10257E-08
    633.70      4.18839E-08
    643.60      5.98366E-08
    653.50      8.95219E-08
    663.40      1.34874E-07
    673.30      1.98172E-07
    683.20      2.81742E-07
    693.10      3.90824E-07
    703.00      5.35733E-07
    712.90      7.41452E-07
    722.80      1.02812E-06
    732.70      1.41044E-06
    742.60      1.91318E-06
    752.50      2.56767E-06
    762.40      3.41256E-06
    772.30      4.50018E-06
    782.20      5.91964E-06
    792.10      7.75040E-06
    802.00      1.00767E-05
    811.90      1.29849E-05
    821.80      1.65908E-05
    831.70      2.10261E-05
    841.60      2.64554E-05
    851.50      3.30689E-05
    861.40      4.11025E-05
    871.30      5.07723E-05
    881.20      6.23275E-05
    891.10      7.60219E-05
    901.00      9.21592E-05
    910.90      1.11065E-04
    920.80      1.33095E-04
    930.70      1.58996E-04
    940.60      1.89062E-04
    950.50      2.23768E-04
    960.40      2.63667E-04
    970.30      3.09231E-04
    980.20      3.60996E-04
    990.10      4.19655E-04
    1000.0      4.85827E-04
