 Zn Density=7.14 Thickness=1. microns
 Photon energy (eV), Transmission
    10.000      5.60519E-45
    19.900      1.19269E-20
    29.800      6.36730E-26
    39.700      1.84363E-29
    49.600      9.94079E-30
    59.500      2.44531E-28
    69.400      2.11369E-26
    79.300      1.01778E-24
    89.200      1.97000E-23
    99.100      1.52690E-22
    109.00      1.06215E-21
    118.90      1.06728E-20
    128.80      1.64842E-19
    138.70      2.34632E-18
    148.60      1.42759E-18
    158.50      1.57892E-17
    168.40      1.32780E-16
    178.30      8.87832E-16
    188.20      7.32445E-15
    198.10      5.60573E-14
    208.00      3.45268E-13
    217.90      2.78666E-12
    227.80      2.32039E-11
    237.70      1.27765E-10
    247.60      5.80039E-10
    257.50      2.25736E-09
    267.40      7.68938E-09
    277.30      2.33223E-08
    287.20      6.39108E-08
    297.10      1.60217E-07
    307.00      3.82722E-07
    316.90      8.75100E-07
    326.80      1.86632E-06
    336.70      3.74130E-06
    346.60      7.09675E-06
    356.50      1.28118E-05
    366.40      2.21240E-05
    376.30      3.67818E-05
    386.20      6.24775E-05
    396.10      1.05426E-04
    406.00      1.70897E-04
    415.90      2.67176E-04
    425.80      4.04237E-04
    435.70      5.93756E-04
    445.60      8.48931E-04
    455.50      1.18452E-03
    465.40      1.65046E-03
    475.30      2.28875E-03
    485.20      3.10200E-03
    495.10      4.11725E-03
    505.00      5.36153E-03
    514.90      6.86095E-03
    524.80      8.64041E-03
    534.70      1.07227E-02
    544.60      1.31283E-02
    554.50      1.58070E-02
    564.40      1.85849E-02
    574.30      2.16351E-02
    584.20      2.49199E-02
    594.10      2.84668E-02
    604.00      3.22880E-02
    613.90      3.63886E-02
    623.80      4.07693E-02
    633.70      4.54857E-02
    643.60      5.06083E-02
    653.50      5.61419E-02
    663.40      6.20185E-02
    673.30      6.80150E-02
    683.20      7.39020E-02
    693.10      7.97338E-02
    703.00      8.56643E-02
    712.90      9.19490E-02
    722.80      9.85334E-02
    732.70      0.10530    
    742.60      0.11221    
    752.50      0.11927    
    762.40      0.12649    
    772.30      0.13392    
    782.20      0.14183    
    792.10      0.15010    
    802.00      0.15862    
    811.90      0.16725    
    821.80      0.17597    
    831.70      0.18476    
    841.60      0.19363    
    851.50      0.20254    
    861.40      0.21149    
    871.30      0.22047    
    881.20      0.22946    
    891.10      0.23847    
    901.00      0.24748    
    910.90      0.25648    
    920.80      0.26547    
    930.70      0.27388    
    940.60      0.28209    
    950.50      0.29013    
    960.40      0.29802    
    970.30      0.30583    
    980.20      0.31358    
    990.10      0.32128    
    1000.0      0.32890    
