 Zr Density=6.39 Thickness=1. microns
 Photon energy (eV), Transmission
    10.000      0.00000    
    19.900      2.91655E-14
    29.800      3.78192E-30
    39.700      0.00000    
    49.600      1.55358E-23
    59.500      1.36733E-08
    69.400      7.70224E-04
    79.300      1.29413E-02
    89.200      2.78335E-02
    99.100      4.00627E-02
    109.00      3.80492E-02
    118.90      3.62942E-02
    128.80      3.91228E-02
    138.70      4.16200E-02
    148.60      4.38282E-02
    158.50      4.66080E-02
    168.40      5.00550E-02
    178.30      3.26295E-02
    188.20      1.56253E-02
    198.10      3.84904E-03
    208.00      3.38101E-05
    217.90      2.72834E-06
    227.80      6.57323E-07
    237.70      8.05152E-08
    247.60      2.67370E-08
    257.50      1.92361E-08
    267.40      1.36662E-08
    277.30      1.47912E-08
    287.20      2.09379E-08
    297.10      2.72934E-08
    307.00      2.32888E-08
    316.90      2.73779E-08
    326.80      2.53015E-08
    336.70      1.19268E-08
    346.60      9.72351E-09
    356.50      2.04888E-08
    366.40      4.17836E-08
    376.30      7.63309E-08
    386.20      1.06201E-07
    396.10      1.41850E-07
    406.00      1.93153E-07
    415.90      2.80214E-07
    425.80      4.02446E-07
    435.70      5.68396E-07
    445.60      8.56128E-07
    455.50      1.38020E-06
    465.40      2.17200E-06
    475.30      3.29941E-06
    485.20      4.83649E-06
    495.10      6.95641E-06
    505.00      9.83021E-06
    514.90      1.36638E-05
    524.80      1.87029E-05
    534.70      2.53021E-05
    544.60      3.53657E-05
    554.50      5.10109E-05
    564.40      7.21764E-05
    574.30      1.00309E-04
    584.20      1.37099E-04
    594.10      1.84481E-04
    604.00      2.44654E-04
    613.90      3.20063E-04
    623.80      4.13390E-04
    633.70      5.27577E-04
    643.60      6.64094E-04
    653.50      8.26300E-04
    663.40      1.01809E-03
    673.30      1.24303E-03
    683.20      1.50477E-03
    693.10      1.80686E-03
    703.00      2.15319E-03
    712.90      2.54737E-03
    722.80      2.99322E-03
    732.70      3.49444E-03
    742.60      4.05475E-03
    752.50      4.67765E-03
    762.40      5.37530E-03
    772.30      6.16654E-03
    782.20      7.06024E-03
    792.10      8.04118E-03
    802.00      9.11305E-03
    811.90      1.02790E-02
    821.80      1.15421E-02
    831.70      1.29053E-02
    841.60      1.43713E-02
    851.50      1.59460E-02
    861.40      1.78284E-02
    871.30      1.99061E-02
    881.20      2.21324E-02
    891.10      2.45103E-02
    901.00      2.70395E-02
    910.90      2.97217E-02
    920.80      3.25574E-02
    930.70      3.55458E-02
    940.60      3.85357E-02
    950.50      4.16088E-02
    960.40      4.47873E-02
    970.30      4.80907E-02
    980.20      5.15177E-02
    990.10      5.50663E-02
    1000.0      5.87334E-02
