 Zr Density=6.39 Thickness=0.2 microns
 Photon energy (eV), Transmission
    10.000      9.91623E-13
    19.900      1.96324E-03
    29.800      1.30479E-06
    39.700      7.20937E-12
    49.600      2.74326E-05
    59.500      2.67408E-02
    69.400      0.23841    
    79.300      0.41917    
    89.200      0.48856    
    99.100      0.52547    
    109.00      0.52008    
    118.90      0.51519    
    128.80      0.52298    
    138.70      0.52949    
    148.60      0.53500    
    158.50      0.54162    
    168.40      0.54940    
    178.30      0.50434    
    188.20      0.43528    
    198.10      0.32891    
    208.00      0.12759    
    217.90      7.71223E-02
    227.80      5.80171E-02
    237.70      3.81220E-02
    247.60      3.05790E-02
    257.50      2.86301E-02
    267.40      2.67380E-02
    277.30      2.71644E-02
    287.20      2.91197E-02
    297.10      3.07052E-02
    307.00      2.97460E-02
    316.90      3.07242E-02
    326.80      3.02433E-02
    336.70      2.60199E-02
    346.60      2.49784E-02
    356.50      2.89937E-02
    366.40      3.34350E-02
    376.30      3.77173E-02
    386.20      4.02926E-02
    396.10      4.26939E-02
    406.00      4.54130E-02
    415.90      4.89213E-02
    425.80      5.25947E-02
    435.70      5.63547E-02
    445.60      6.11657E-02
    455.50      6.72958E-02
    465.40      7.36838E-02
    475.30      8.01101E-02
    485.20      8.64781E-02
    495.10      9.29987E-02
    505.00      9.96581E-02
    514.90      0.10644    
    524.80      0.11334    
    534.70      0.12040    
    544.60      0.12874    
    554.50      0.13853    
    564.40      0.14848    
    574.30      0.15859    
    584.20      0.16881    
    594.10      0.17914    
    604.00      0.18954    
    613.90      0.20001    
    623.80      0.21051    
    633.70      0.22103    
    643.60      0.23144    
    653.50      0.24178    
    663.40      0.25209    
    673.30      0.26236    
    683.20      0.27258    
    693.10      0.28274    
    703.00      0.29283    
    712.90      0.30284    
    722.80      0.31277    
    732.70      0.32261    
    742.60      0.33235    
    752.50      0.34198    
    762.40      0.35163    
    772.30      0.36142    
    782.20      0.37133    
    792.10      0.38112    
    802.00      0.39078    
    811.90      0.40030    
    821.80      0.40969    
    831.70      0.41894    
    841.60      0.42805    
    851.50      0.43705    
    861.40      0.44691    
    871.30      0.45687    
    881.20      0.46667    
    891.10      0.47629    
    901.00      0.48574    
    910.90      0.49501    
    920.80      0.50412    
    930.70      0.51305    
    940.60      0.52140    
    950.50      0.52946    
    960.40      0.53732    
    970.30      0.54502    
    980.20      0.55258    
    990.10      0.55999    
    1000.0      0.56725    
