 Zr Density=6.39 Thickness=0.6 microns
 Photon energy (eV), Transmission
    10.000      9.75082E-37
    19.900      7.56696E-09
    29.800      2.22140E-18
    39.700      3.74704E-34
    49.600      2.06443E-14
    59.500      1.91215E-05
    69.400      1.35510E-02
    79.300      7.36522E-02
    89.200      0.11661    
    99.100      0.14509    
    109.00      0.14067    
    118.90      0.13674    
    128.80      0.14304    
    138.70      0.14845    
    148.60      0.15313    
    158.50      0.15888    
    168.40      0.16583    
    178.30      0.12828    
    188.20      8.24703E-02
    198.10      3.55804E-02
    208.00      2.07696E-03
    217.90      4.58711E-04
    227.80      1.95284E-04
    237.70      5.54022E-05
    247.60      2.85935E-05
    257.50      2.34676E-05
    267.40      1.91156E-05
    277.30      2.00448E-05
    287.20      2.46922E-05
    297.10      2.89491E-05
    307.00      2.63201E-05
    316.90      2.90028E-05
    326.80      2.76623E-05
    336.70      1.76163E-05
    346.60      1.55845E-05
    356.50      2.43731E-05
    366.40      3.73769E-05
    376.30      5.36562E-05
    386.20      6.54149E-05
    396.10      7.78210E-05
    406.00      9.36571E-05
    415.90      1.17083E-04
    425.80      1.45487E-04
    435.70      1.78974E-04
    445.60      2.28835E-04
    455.50      3.04764E-04
    465.40      4.00051E-04
    475.30      5.14117E-04
    485.20      6.46723E-04
    495.10      8.04324E-04
    505.00      9.89778E-04
    514.90      1.20599E-03
    524.80      1.45595E-03
    534.70      1.74540E-03
    544.60      2.13378E-03
    554.50      2.65826E-03
    564.40      3.27369E-03
    574.30      3.98845E-03
    584.20      4.81084E-03
    594.10      5.74872E-03
    604.00      6.80976E-03
    613.90      8.00094E-03
    623.80      9.32859E-03
    633.70      1.07987E-02
    643.60      1.23976E-02
    653.50      1.41346E-02
    663.40      1.60203E-02
    673.30      1.80588E-02
    683.20      2.02527E-02
    693.10      2.26024E-02
    703.00      2.51102E-02
    712.90      2.77751E-02
    722.80      3.05973E-02
    732.70      3.35758E-02
    742.60      3.67095E-02
    752.50      3.99960E-02
    762.40      4.34752E-02
    772.30      4.72090E-02
    782.20      5.12025E-02
    792.10      5.53594E-02
    802.00      5.96758E-02
    811.90      6.41461E-02
    821.80      6.87656E-02
    831.70      7.35294E-02
    841.60      7.84328E-02
    851.50      8.34817E-02
    861.40      8.92622E-02
    871.30      9.53657E-02
    881.20      0.10163    
    891.10      0.10805    
    901.00      0.11460    
    910.90      0.12130    
    920.80      0.12811    
    930.70      0.13504    
    940.60      0.14175    
    950.50      0.14843    
    960.40      0.15513    
    970.30      0.16190    
    980.20      0.16872    
    990.10      0.17560    
    1000.0      0.18253    
