6.2189769
6.2885754
6.0218036
6.0484901
6.0059931
6.1082467
6.0529006
5.9775531
5.9247304
5.9819273
6.0715869
5.8945048
5.8704183
5.8877025
5.8188684
5.8336966
5.7588303
5.8885767
5.7754871
5.7708677
5.7734638
5.7678203
6.072429
5.7405276
5.9308032
5.9720474
5.9667867
5.8401237
6.0285608
6.1145036
6.1460901
6.0403794
6.5972428
6.373847
6.3975885
6.4656462
6.4198616
6.6788404
6.421037
6.6096043
6.5487376
6.4337756
6.5750946
6.4458686
6.4109217
6.4781897
6.4597351
6.4158486
6.2690593
6.4266592
6.479565
6.4398313
6.5898875
6.5595272
6.9184687
6.5607092
6.5761269
6.6073348
6.6369054
6.6106423
6.5000621
6.5446481
6.7140854
6.5058355
5.4322138
5.6176424
5.6831109
5.6375456
5.6412414
5.6989571
5.6864229
5.7125077
5.7148259
5.7274211
5.6731785
5.7279553
5.7312661
5.7363497
5.5315832
5.5366781
5.5631224
5.5894093
5.7541732
5.7315004
5.7022608
5.7783153
5.6987234
5.6964969
5.6628476
5.7454885
5.7183263
5.6385043
5.6562809
5.781465
5.7494759
5.6059754