1.896017967
1.273733609
1.203408104
1.35810897
1.258298781
1.187483564
1.418734736
1.083237011
1.142409188
1.253108404
1.376520201
1.103259602
1.143193614
1.186212112
1.165202432
1.624820081
1.196902699
1.082375416
1.176615973
1.103075841
1
1.030629995
2.053865928
1.122157123
1.13682243
1.00047335
1.073374009
1.122051498
1.155180166
1.321575862
1.482676617
1.564924699
1.597549143
1.531368025
1.271662833
1.273363528
1.339105819
1.129797559
1.257751799
1.390528182
1.123265263
1.340051171
6.913528122
1.238619314
1.16434203
1.104392102
1.323089627
2.012397782
3.981706633
3.667823561
4.233168136
3.693342223
3.614201255
3.75654046
6.002509623
3.25931775
3.276316411
3.400017569
4.459918529
4.2957983
3.849943934
5.79272998
7.615594159
6.074041766
4.182350704
4.08441902
3.678675954
3.446585773
3.103859489
2.697752311
2.579617063
2.740042661
2.628186925
2.567726149
2.313894173
2.559082908
2.570516746
3.483822247
3.613609632
6.11475763
4.473280518
4.665943333
4.359282663
3.472411724
3.375765731
3.268393473
3.449573864
3.746048346
4.093805677
3.338011494
3.41233519
3.070122303
3.696246428
4.431527372
4.497020527
5.046482408