 Al Density=2.7 Thickness=1. microns
 Photon energy (eV), Transmission
    10.000      0.00000    
    19.900      8.77265E-02
    29.800      8.75543E-02
    39.700      9.68736E-02
    49.600      0.14297    
    59.500      0.24214    
    69.400      0.22580    
    79.300      3.40858E-10
    89.200      1.64649E-12
    99.100      2.73207E-13
    109.00      6.60911E-14
    118.90      2.19537E-14
    128.80      3.09556E-14
    138.70      2.35432E-13
    148.60      1.38187E-12
    158.50      9.21075E-12
    168.40      5.24220E-11
    178.30      2.58364E-10
    188.20      2.88544E-09
    198.10      2.43749E-08
    208.00      1.52143E-07
    217.90      7.33900E-07
    227.80      2.64218E-06
    237.70      7.31147E-06
    247.60      1.79905E-05
    257.50      4.00586E-05
    267.40      8.29782E-05
    277.30      1.86616E-04
    287.20      3.85873E-04
    297.10      7.34322E-04
    307.00      1.30131E-03
    316.90      2.16868E-03
    326.80      3.42692E-03
    336.70      5.17019E-03
    346.60      7.49094E-03
    356.50      1.04751E-02
    366.40      1.39082E-02
    376.30      1.78770E-02
    386.20      2.25076E-02
    396.10      2.78172E-02
    406.00      3.38130E-02
    415.90      4.04909E-02
    425.80      4.78369E-02
    435.70      5.59198E-02
    445.60      6.52317E-02
    455.50      7.53721E-02
    465.40      8.61775E-02
    475.30      9.75973E-02
    485.20      0.10958    
    495.10      0.12210    
    505.00      0.13524    
    514.90      0.14896    
    524.80      0.16305    
    534.70      0.17737    
    544.60      0.19188    
    554.50      0.20663    
    564.40      0.22180    
    574.30      0.23724    
    584.20      0.25285    
    594.10      0.26850    
    604.00      0.28412    
    613.90      0.29966    
    623.80      0.31510    
    633.70      0.33059    
    643.60      0.34626    
    653.50      0.36208    
    663.40      0.37779    
    673.30      0.39287    
    683.20      0.40690    
    693.10      0.42014    
    703.00      0.43301    
    712.90      0.44618    
    722.80      0.45944    
    732.70      0.47245    
    742.60      0.48516    
    752.50      0.49759    
    762.40      0.50973    
    772.30      0.52160    
    782.20      0.53325    
    792.10      0.54465    
    802.00      0.55579    
    811.90      0.56664    
    821.80      0.57720    
    831.70      0.58749    
    841.60      0.59751    
    851.50      0.60725    
    861.40      0.61675    
    871.30      0.62599    
    881.20      0.63498    
    891.10      0.64373    
    901.00      0.65223    
    910.90      0.66049    
    920.80      0.66852    
    930.70      0.67635    
    940.60      0.68397    
    950.50      0.69137    
    960.40      0.69856    
    970.30      0.70555    
    980.20      0.71235    
    990.10      0.71895    
    1000.0      0.72535    